-6.5 19 3 -1.6475908138826472 0.6073745796940268 1.5289084247470328
-6.5 19 3 -1.6475908138826472 0.6073745796940268 1.5289084247470328
-6.9 17.900000000000002 -1.2000000000000002 -0.6161012259539983 -0.008726646259971648 1.3805554383275147
-4.1000000000000005 15.200000000000001 -4 -0.7155849933176751 0.07330382858376185 1.36659280431156
-4.1000000000000005 15.200000000000001 -4 -0.7155849933176751 0.07330382858376185 1.36659280431156
-2.2 13.700000000000001 -2.6 -1.356120828799594 0.4834562028024293 1.1484266478122689
-2.2 13.700000000000001 -2.6 -1.356120828799594 0.4834562028024293 1.1484266478122689
-1.7000000000000002 11.9 1.2000000000000002 -1.6353735091186867 0.8395033702092726 0.7208209810736581
-1.7000000000000002 11.9 1.2000000000000002 -1.6353735091186867 0.8395033702092726 0.7208209810736581
-1.7000000000000002 11.9 1.2000000000000002 -1.6353735091186867 0.8395033702092726 0.7208209810736581
-3.6 12.700000000000001 3.8000000000000003 -1.1780972450961724 1.064650843716541 0.39793506945470714
-3.6 12.700000000000001 3.8000000000000003 -1.1780972450961724 1.064650843716541 0.39793506945470714
-5.4 13.100000000000001 2.9000000000000004 -0.4782202150464463 0.4537856055185257 -0.026179938779914945
-4 10.8 2 -0.14486232791552936 0.23387411976724015 0.14835298641951802
-4 10.8 2 -0.14486232791552936 0.23387411976724015 0.14835298641951802
-3.1 10.3 1.4000000000000001 -0.06806784082777885 0.3141592653589793 0.3246312408709453
-3.1 10.3 1.4000000000000001 -0.06806784082777885 0.3141592653589793 0.3246312408709453
-2.7 9.700000000000001 0.6000000000000001 -0.17453292519943295 0.5393067388662478 0.41538836197465046
-1.2000000000000002 9.3 0.7000000000000001 -0.3246312408709453 0.6806784082777886 0.4939281783143953
-1.2000000000000002 9.3 0.7000000000000001 -0.3246312408709453 0.6806784082777886 0.4939281783143953
0.1 8.700000000000001 1.4000000000000001 -0.614355896702004 0.6928957130417488 0.37873644768276954
0.1 8.700000000000001 1.4000000000000001 -0.614355896702004 0.6928957130417488 0.37873644768276954
-0.6000000000000001 8.700000000000001 3.4000000000000004 -0.6038839211900381 0.6981317007977318 0.16406094968746698
-2.2 9.1 3.8000000000000003 -0.16755160819145565 0.5462880558742251 0.13788101090755203
-2.2 9.1 3.8000000000000003 -0.16755160819145565 0.5462880558742251 0.13788101090755203
-2.2 9.1 3.8000000000000003 -0.16755160819145565 0.5462880558742251 0.13788101090755203
-2.2 9.1 3.8000000000000003 -0.16755160819145565 0.5462880558742251 0.13788101090755203
-2.7 9.5 2.3000000000000003 0.21293016874330822 0.5637413483941685 0.3612831551628262
-2.1 9.5 0.6000000000000001 0.2234021442552742 0.5637413483941685 0.5637413483941685
-2.1 9.5 0.6000000000000001 0.2234021442552742 0.5637413483941685 0.5637413483941685
-1 9.4 0.30000000000000004 -0.013962634015954637 0.5585053606381855 0.6614797865058509
-1 9.4 0.30000000000000004 -0.013962634015954637 0.5585053606381855 0.6614797865058509
0 9.4 1.4000000000000001 -0.16231562043547265 0.48171087355043496 0.5794493116621174
-0.9 9.700000000000001 1.3 -0.09075712110370514 0.5113814708343386 0.4310963252425994
-0.9 9.700000000000001 1.3 -0.09075712110370514 0.5113814708343386 0.4310963252425994
-0.9 9.700000000000001 1.3 -0.09075712110370514 0.5113814708343386 0.4310963252425994
-0.9 9.700000000000001 1.3 -0.09075712110370514 0.5113814708343386 0.4310963252425994
-2 10 1.6 -0.05235987755982989 0.6161012259539983 0.4939281783143953
-0.8 10 1.4000000000000001 0.012217304763960306 0.4468042885105484 0.6283185307179586
-0.8 10 1.4000000000000001 0.012217304763960306 0.4468042885105484 0.6283185307179586
0 9.9 0.8 0.010471975511965978 0.21293016874330822 0.5515240436302081
0 9.9 0.8 0.010471975511965978 0.21293016874330822 0.5515240436302081
0.2 9.700000000000001 0.6000000000000001 -0.11344640137963143 0.21991148575128552 0.4328416544945937
-0.6000000000000001 9.8 0.6000000000000001 -0.2792526803190927 0.4433136300065597 0.3420845333908886
-0.6000000000000001 9.8 0.6000000000000001 -0.2792526803190927 0.4433136300065597 0.3420845333908886
-0.6000000000000001 9.8 0.6000000000000001 -0.2792526803190927 0.4433136300065597 0.3420845333908886
-0.6000000000000001 9.8 0.6000000000000001 -0.2792526803190927 0.4433136300065597 0.3420845333908886
-1.2000000000000002 9.8 1 -0.4590215932745087 0.6178465552059926 0.3752457891787809
-0.9 9.5 1.5 -0.5532693728822025 0.5585053606381855 0.4468042885105484
-0.9 9.5 1.5 -0.5532693728822025 0.5585053606381855 0.4468042885105484
-0.30000000000000004 9.4 1.9000000000000001 -0.5462880558742251 0.307177948351002 0.45204027626653137
-0.30000000000000004 9.4 1.9000000000000001 -0.5462880558742251 0.307177948351002 0.45204027626653137
0 9.3 2.1 -0.5026548245743669 0.2792526803190927 0.39968039870670147
0 9.3 2.1 -0.4729842272904633 0.2879793265790644 0.36302848441482055
0 9.3 2.1 -0.4729842272904633 0.2879793265790644 0.36302848441482055
-0.2 9.4 1.9000000000000001 -0.46076692252650303 0.33161255787892263 0.3368485456349056
-0.2 9.4 1.9000000000000001 -0.46076692252650303 0.33161255787892263 0.3368485456349056
-0.6000000000000001 9.4 1.6 -0.5358160803622591 0.5323254218582705 0.36302848441482055
-0.5 9.5 2.1 -0.635299847725936 0.5707226654021458 0.41538836197465046
-0.5 9.5 2.1 -0.635299847725936 0.5707226654021458 0.41538836197465046
-0.30000000000000004 9.5 2.1 -0.6614797865058509 0.4363323129985824 0.4066617157146788
-0.30000000000000004 9.5 2.1 -0.6614797865058509 0.4363323129985824 0.4066617157146788
-0.2 9.4 2.2 -0.7155849933176751 0.37350045992678654 0.36302848441482055
-0.2 9.4 2.2 -0.7155849933176751 0.37350045992678654 0.36302848441482055
-0.2 9.4 2.2 -0.7155849933176751 0.37350045992678654 0.36302848441482055
-0.30000000000000004 9.3 2.3000000000000003 -0.8028514559173916 0.42935099599060506 0.307177948351002
-0.30000000000000004 9.3 2.3000000000000003 -0.8028514559173916 0.42935099599060506 0.307177948351002
-0.7000000000000001 9.200000000000001 3 -0.8569566627292158 0.6265732014659643 0.32114058236695664
-0.8 9 3.3000000000000003 -0.7993607974134029 0.7749261878854823 0.42935099599060506
-0.8 9 3.3000000000000003 -0.7993607974134029 0.7749261878854823 0.42935099599060506
-0.5 8.8 3.3000000000000003 -0.7278022980816354 0.8045967851693859 0.5410520681182421
-0.5 8.8 3.3000000000000003 -0.7278022980816354 0.8045967851693859 0.5410520681182421
0.1 8.700000000000001 3.7 -0.6544984694978736 0.6021385919380438 0.5515240436302081
0.1 8.700000000000001 3.7 -0.6544984694978736 0.6021385919380438 0.5515240436302081
0.1 8.700000000000001 3.7 -0.6544984694978736 0.6021385919380438 0.5515240436302081
-0.30000000000000004 8.8 3.5 -0.5689773361501514 0.4468042885105484 0.49741883681838395
-0.30000000000000004 8.8 3.5 -0.5689773361501514 0.4468042885105484 0.49741883681838395
-0.9 9.200000000000001 3.4000000000000004 -0.5846852994181004 0.5881759579220891 0.6387905062299246
0.30000000000000004 9 3.7 -0.6073745796940268 0.6754424205218056 0.7382742735936014
0.30000000000000004 9 3.7 -0.6073745796940268 0.6754424205218056 0.7382742735936014
0.5 9 3.9000000000000004 -0.6579891280018623 0.7243116395776468 0.6789330790257943
0.5 9 3.9000000000000004 -0.6579891280018623 0.7243116395776468 0.6789330790257943
0.9 8.8 4.2 -0.6789330790257943 0.614355896702004 0.6038839211900381
0.9 8.8 4.2 -0.6789330790257943 0.614355896702004 0.6038839211900381
0.9 8.8 4.2 -0.6789330790257943 0.614355896702004 0.6038839211900381
1.2000000000000002 8.8 4 -0.7086036763096978 0.6544984694978736 0.4886921905584123
1.2000000000000002 8.8 4 -0.7086036763096978 0.6544984694978736 0.4886921905584123
1.2000000000000002 8.700000000000001 4.4 -0.7819075048934596 0.9023352232810684 0.35779249665883756
0.30000000000000004 8.6 4.800000000000001 -0.7452555906015788 0.9616764178488756 0.2635447170511438
0.30000000000000004 8.6 4.800000000000001 -0.7452555906015788 0.9616764178488756 0.2635447170511438
0 8.5 4.7 -0.6422811647339133 0.7627088831215221 0.2792526803190927
0 8.5 4.7 -0.6422811647339133 0.7627088831215221 0.2792526803190927
-0.1 8.3 4.5 -0.6422811647339133 0.7627088831215221 0.2792526803190927
0.1 8.200000000000001 3.9000000000000004 -0.5986479334340551 0.5410520681182421 0.3193952531149623
0.1 8.200000000000001 3.9000000000000004 -0.5986479334340551 0.5410520681182421 0.3193952531149623
0.9 8.200000000000001 3.9000000000000004 -0.6981317007977318 0.5480333851262195 0.317649923862968
0.9 8.200000000000001 3.9000000000000004 -0.6981317007977318 0.5480333851262195 0.317649923862968
0.5 8.200000000000001 3.9000000000000004 -0.8325220532012952 0.7138396640656808 0.23038346126325152
0 8.1 4 -0.9721483933608416 0.778416846389471 0.21642082724729686
0 8.1 4 -0.9721483933608416 0.778416846389471 0.21642082724729686
0 8.1 4 -0.9721483933608416 0.778416846389471 0.21642082724729686
0 8.1 4 -0.9721483933608416 0.778416846389471 0.21642082724729686
0.4 8.1 4.1000000000000005 -1.0838494654884787 0.5672320068981571 0.2059488517353309
0.6000000000000001 8 4.800000000000001 -1.2095131716320704 0.4433136300065597 0.13439035240356337
0.6000000000000001 8 4.800000000000001 -1.2095131716320704 0.4433136300065597 0.13439035240356337
0.2 7.9 5.6000000000000005 -1.2461650859239513 0.48694686130641796 0.0767944870877505
0.2 7.9 5.6000000000000005 -1.2461650859239513 0.48694686130641796 0.0767944870877505
-0.2 7.7 6.1000000000000005 -1.2077678423800762 0.5026548245743669 0.08552113334772216
-0.4 7.6000000000000005 6.9 -1.1030480872604163 0.3909537524467298 0.16406094968746698
-0.4 7.6000000000000005 6.9 -1.1030480872604163 0.3909537524467298 0.16406094968746698
-0.4 7.6000000000000005 6.9 -1.1030480872604163 0.3909537524467298 0.16406094968746698
-0.4 7.6000000000000005 6.9 -1.1030480872604163 0.3909537524467298 0.16406094968746698
0.2 7.6000000000000005 7.6000000000000005 -0.932005820564972 0.1832595714594046 0.2792526803190927
0.6000000000000001 7.6000000000000005 8 -0.6614797865058509 0.11344640137963143 0.2722713633111154
0.6000000000000001 7.6000000000000005 8 -0.6614797865058509 0.11344640137963143 0.2722713633111154
0.1 7.5 7.300000000000001 -0.38571776469074687 0.12217304763960307 0.23561944901923448
0.1 7.5 7.300000000000001 -0.38571776469074687 0.12217304763960307 0.23561944901923448
-0.30000000000000004 7.6000000000000005 6.6000000000000005 -0.32288591161895097 0.048869219055841226 0.2949606435870417
-0.30000000000000004 7.6000000000000005 6.6000000000000005 -0.32288591161895097 0.048869219055841226 0.2949606435870417
-0.30000000000000004 7.6000000000000005 6.6000000000000005 -0.32288591161895097 0.048869219055841226 0.2949606435870417
0.30000000000000004 7.5 6.800000000000001 -0.41015237421866746 0.05585053606381855 0.39444441095071847
0.30000000000000004 7.5 6.800000000000001 -0.41015237421866746 0.05585053606381855 0.39444441095071847
0.7000000000000001 7.300000000000001 6.800000000000001 -0.4537856055185257 0.23561944901923448 0.38048177693476387
0.7000000000000001 7.300000000000001 6.800000000000001 -0.466002910282486 0.24958208303518914 0.312413936106985
0.7000000000000001 7.300000000000001 6.800000000000001 -0.466002910282486 0.24958208303518914 0.312413936106985
1.1 7.2 7 -0.4799655442984406 0.13264502315156904 0.24085543677521748
1.1 7.2 7 -0.4799655442984406 0.13264502315156904 0.24085543677521748
1.1 7.2 7.2 -0.4415683007545654 0.12740903539558607 0.12566370614359174
1.1 7.2 7.2 -0.4415683007545654 0.12740903539558607 0.12566370614359174
1.1 7.2 7.2 -0.4415683007545654 0.12740903539558607 0.12566370614359174
0.9 7.1000000000000005 7.1000000000000005 -0.3717551306747922 0.1710422666954443 0.006981317007977318
0.9 7.1000000000000005 7.1000000000000005 -0.3717551306747922 0.1710422666954443 0.006981317007977318
0.7000000000000001 7 7 -0.35255650890285456 0.1413716694115407 -0.06632251157578452
0.6000000000000001 6.9 7.300000000000001 -0.31066860685499065 0.12740903539558607 -0.12217304763960307
0.6000000000000001 6.9 7.300000000000001 -0.31066860685499065 0.12740903539558607 -0.12217304763960307
0 6.800000000000001 7.2 -0.2426007660272118 0.11693705988362008 -0.14486232791552936
0 6.800000000000001 7.2 -0.2426007660272118 0.11693705988362008 -0.14486232791552936
-0.30000000000000004 6.800000000000001 7.4 -0.21642082724729686 0.03665191429188092 -0.06981317007977318
-0.30000000000000004 6.800000000000001 7.4 -0.21642082724729686 0.03665191429188092 -0.06981317007977318
-0.30000000000000004 6.800000000000001 7.4 -0.21642082724729686 0.03665191429188092 -0.06981317007977318
-0.2 6.800000000000001 7.7 -0.15707963267948966 -0.0645771823237902 0.06632251157578452
-0.2 6.800000000000001 7.7 -0.15707963267948966 -0.0645771823237902 0.06632251157578452
0.2 7 7.9 -0.029670597283903602 -0.11519173063162576 0.15009831567151236
0.5 7.2 7.7 0.10122909661567112 -0.1780235837034216 0.13962634015954636
0.5 7.2 7.7 0.10122909661567112 -0.1780235837034216 0.13962634015954636
0.6000000000000001 7.300000000000001 7.6000000000000005 0.1361356816555577 -0.16929693744344998 0.1117010721276371
0.6000000000000001 7.300000000000001 7.6000000000000005 0.1361356816555577 -0.16929693744344998 0.1117010721276371
1 7.4 7.7 0.14311699866353503 -0.04014257279586958 0.08552113334772216
1 7.4 7.7 0.14311699866353503 -0.04014257279586958 0.08552113334772216
1 7.4 7.7 0.14311699866353503 -0.04014257279586958 0.08552113334772216
1.3 7.300000000000001 7.6000000000000005 0.19373154697137057 0.020943951023931956 -0.03490658503988659
1.3 7.300000000000001 7.6000000000000005 0.19373154697137057 0.020943951023931956 -0.03490658503988659
0.9 7.2 7.300000000000001 0.24958208303518914 -0.07330382858376185 -0.18500490071139894
0.5 7.1000000000000005 7 0.24085543677521748 -0.08726646259971647 -0.21991148575128552
0.5 7.1000000000000005 7 0.24085543677521748 -0.08726646259971647 -0.21991148575128552
0.5 7.1000000000000005 7 0.22689280275926285 0.012217304763960306 -0.18675022996339327
0.5 7.1000000000000005 7 0.22689280275926285 0.012217304763960306 -0.18675022996339327
0.1 6.9 6.5 0.24958208303518914 0.04188790204786391 -0.16580627893946132
0.1 6.9 6.5 0.24958208303518914 0.04188790204786391 -0.16580627893946132
0.1 6.9 6.5 0.24958208303518914 0.04188790204786391 -0.16580627893946132
-0.2 6.800000000000001 6.2 0.27401669256310973 -0.008726646259971648 -0.14835298641951802
-0.2 6.800000000000001 6.2 0.27401669256310973 -0.008726646259971648 -0.14835298641951802
-0.4 6.6000000000000005 5.7 0.2670353755551324 -0.10821041362364843 -0.0942477796076938
-0.30000000000000004 6.5 5.2 0.17627825445142728 -0.16057029118347832 -0.024434609527920613
-0.30000000000000004 6.5 5.2 0.17627825445142728 -0.16057029118347832 -0.024434609527920613
-0.30000000000000004 6.5 5.2 0.17627825445142728 -0.16057029118347832 -0.024434609527920613
-0.30000000000000004 6.5 5.2 0.17627825445142728 -0.16057029118347832 -0.024434609527920613
-0.2 6.4 5 0.005235987755982989 -0.08726646259971647 0.020943951023931956
-0.1 6.5 5.1000000000000005 -0.19373154697137057 0.0017453292519943296 0.05235987755982989
-0.1 6.5 5.1000000000000005 -0.19373154697137057 0.0017453292519943296 0.05235987755982989
-0.2 6.6000000000000005 5.9 -0.3508111796508602 0.08552113334772216 0.07155849933176751
-0.2 6.6000000000000005 5.9 -0.3508111796508602 0.08552113334772216 0.07155849933176751
-0.2 6.7 6.4 -0.39269908169872414 0.08028514559173916 0.09075712110370514
-0.2 6.800000000000001 6.9 -0.38746309394274114 0.04363323129985824 0.1239183768915974
-0.2 6.800000000000001 6.9 -0.38746309394274114 0.04363323129985824 0.1239183768915974
-0.2 6.800000000000001 6.9 -0.38746309394274114 0.04363323129985824 0.1239183768915974
-0.2 6.800000000000001 6.9 -0.38746309394274114 0.04363323129985824 0.1239183768915974
0 6.800000000000001 7.4 -0.36302848441482055 -0.03665191429188092 0.14835298641951802
0.30000000000000004 6.800000000000001 7.7 -0.3141592653589793 -0.05585053606381855 0.17278759594743862
0.30000000000000004 6.800000000000001 7.7 -0.3141592653589793 -0.05585053606381855 0.17278759594743862
0.7000000000000001 7 8 -0.2635447170511438 0.006981317007977318 0.17453292519943295
0.7000000000000001 7 8 -0.2635447170511438 0.006981317007977318 0.17453292519943295
0.8 7.2 8.1 -0.2111848394913139 0.06806784082777885 0.1518436449235067
1.1 7.2 8.1 -0.14835298641951802 0.07853981633974483 0.09773843811168245
1.1 7.2 8.1 -0.14835298641951802 0.07853981633974483 0.09773843811168245
1.1 7.2 8.1 -0.14835298641951802 0.07853981633974483 0.09773843811168245
1.1 7.2 8.1 -0.14835298641951802 0.07853981633974483 0.09773843811168245
1 7.1000000000000005 7.9 -0.054105206811824215 0.07504915783575618 0.022689280275926284
0.7000000000000001 7.1000000000000005 7.5 0.0017453292519943296 0.11693705988362008 -0.013962634015954637
0.7000000000000001 7.1000000000000005 7.5 0.0017453292519943296 0.11693705988362008 -0.013962634015954637
0.5 7.1000000000000005 7.1000000000000005 0.015707963267948967 0.1518436449235067 0.015707963267948967
0.5 7.1000000000000005 7.1000000000000005 0.015707963267948967 0.1518436449235067 0.015707963267948967
0.4 7.1000000000000005 6.800000000000001 0 0.1117010721276371 0.06806784082777885
0.4 7 6.6000000000000005 -0.0471238898038469 0.04363323129985824 0.10995574287564276
0.4 7 6.6000000000000005 -0.0471238898038469 0.04363323129985824 0.10995574287564276
0.5 7 6.5 -0.0471238898038469 0.04363323129985824 0.10995574287564276
0.5 7 6.5 -0.0471238898038469 0.04363323129985824 0.10995574287564276
0.7000000000000001 7 6.6000000000000005 -0.09075712110370514 0.054105206811824215 0.12566370614359174
0.8 7 6.6000000000000005 -0.11868238913561441 0.11868238913561441 0.0767944870877505
0.8 7 6.6000000000000005 -0.11868238913561441 0.11868238913561441 0.0767944870877505
0.6000000000000001 6.9 6.7 -0.17627825445142728 0.17453292519943295 0.003490658503988659
0.6000000000000001 6.9 6.7 -0.17627825445142728 0.17453292519943295 0.003490658503988659
0.6000000000000001 6.7 6.5 -0.25656340004316647 0.1413716694115407 -0.05061454830783556
0.6000000000000001 6.7 6.5 -0.25656340004316647 0.1413716694115407 -0.05061454830783556
0.6000000000000001 6.7 6.5 -0.25656340004316647 0.1413716694115407 -0.05061454830783556
-0.1 6.7 6.4 -0.3508111796508602 0.1954768762233649 -0.0890117918517108
-0.1 6.7 6.4 -0.3508111796508602 0.1954768762233649 -0.0890117918517108
-0.4 6.5 6.6000000000000005 -0.46251225177849736 0.3420845333908886 -0.027925268031909273
-0.4 6.300000000000001 6.4 -0.614355896702004 0.41538836197465046 0.05235987755982989
-0.4 6.300000000000001 6.4 -0.614355896702004 0.41538836197465046 0.05235987755982989
-0.5 6 6.6000000000000005 -0.8133234314293576 0.5724679946541401 0.0767944870877505
-0.5 6 6.6000000000000005 -0.8133234314293576 0.5724679946541401 0.0767944870877505
-0.5 5.7 7.1000000000000005 -0.9494591130849153 0.6527531402458793 0.10646508437165411
-0.5 5.7 7.1000000000000005 -0.9494591130849153 0.6527531402458793 0.10646508437165411
-0.5 5.7 7.1000000000000005 -0.9494591130849153 0.6527531402458793 0.10646508437165411
-0.8 5.4 7.5 -1.0210176124166828 0.6387905062299246 0.14311699866353503
-0.8 5.4 7.5 -1.0210176124166828 0.6387905062299246 0.14311699866353503
-1.1 5.300000000000001 8.1 -1.0210176124166828 0.6422811647339133 0.28099800957108706
-0.4 5.1000000000000005 8.6 -0.9267698328089891 0.5829399701661061 0.4118977034706618
-0.4 5.1000000000000005 8.6 -0.9267698328089891 0.5829399701661061 0.4118977034706618
-0.2 5.1000000000000005 8.700000000000001 -0.7819075048934596 0.640535835481919 0.38571776469074687
-0.2 5.1000000000000005 8.700000000000001 -0.7819075048934596 0.640535835481919 0.38571776469074687
-0.1 5.2 8.9 -0.7208209810736581 0.6527531402458793 0.3665191429188092
-0.1 5.4 8.9 -0.6544984694978736 0.6998770300497261 0.3368485456349056
-0.1 5.4 8.9 -0.6544984694978736 0.6998770300497261 0.3368485456349056
0 5.300000000000001 8.700000000000001 -0.5794493116621174 0.6213372137099813 0.28099800957108706
0 5.300000000000001 8.700000000000001 -0.5794493116621174 0.6213372137099813 0.28099800957108706
-0.30000000000000004 5.7 9.1 -0.5166174585903216 0.5166174585903216 0.2181661564992912
-0.2 5.4 8.6 -0.4886921905584123 0.5410520681182421 0.17453292519943295
-0.2 5.4 8.6 -0.4886921905584123 0.5410520681182421 0.17453292519943295
-0.2 5.4 8.6 -0.4886921905584123 0.5410520681182421 0.17453292519943295
-0.2 5.4 8.6 -0.4886921905584123 0.5410520681182421 0.17453292519943295
0 5.9 9.200000000000001 -0.5183627878423159 0.2111848394913139 0.20420352248333656
0.30000000000000004 5.2 8.9 -0.3403392041388943 0.2879793265790644 0.13439035240356337
0.30000000000000004 5.2 8.9 -0.3403392041388943 0.2879793265790644 0.13439035240356337
0.1 5.300000000000001 8.8 -0.3141592653589793 0.21642082724729686 0.08726646259971647
0.1 5.300000000000001 8.8 -0.3141592653589793 0.21642082724729686 0.08726646259971647
-0.2 5.1000000000000005 8.9 -0.21991148575128552 0.19198621771937627 0.029670597283903602
-0.1 5 8.6 -0.09773843811168245 0.11693705988362008 0.022689280275926284
-0.1 5 8.6 -0.09773843811168245 0.11693705988362008 0.022689280275926284
-0.1 5 8.6 -0.09773843811168245 0.11693705988362008 0.022689280275926284
-0.1 5 8.6 -0.09773843811168245 0.11693705988362008 0.022689280275926284
-0.4 5 8 -0.05585053606381855 -0.061086523819801536 -0.04188790204786391
-0.6000000000000001 5 7.7 -0.10471975511965978 -0.18675022996339327 -0.054105206811824215
-0.6000000000000001 5 7.7 -0.10471975511965978 -0.18675022996339327 -0.054105206811824215
-1.5 5.2 7.300000000000001 -0.19373154697137057 -0.16406094968746698 0.012217304763960306
-1.5 5.2 7.300000000000001 -0.19373154697137057 -0.16406094968746698 0.012217304763960306
-0.9 4.7 7.7 -0.35779249665883756 -0.10297442586766545 0.14311699866353503
-1.4000000000000001 5.2 7.9 -0.42935099599060506 0.03665191429188092 0.20245819323134223
-1.4000000000000001 5.2 7.9 -0.42935099599060506 0.03665191429188092 0.20245819323134223
-1.4000000000000001 5.2 7.9 -0.42935099599060506 0.03665191429188092 0.20245819323134223
-1.4000000000000001 5.2 7.9 -0.42935099599060506 0.03665191429188092 0.20245819323134223
-0.8 4.3 7.5 -0.5829399701661061 -0.11868238913561441 0.27052603405912107
-0.2 4.5 7.800000000000001 -0.773180858633488 -0.33859387488689996 0.2949606435870417
-0.2 4.5 7.800000000000001 -0.773180858633488 -0.33859387488689996 0.2949606435870417
0.4 3.9000000000000004 8.8 -0.9302604913129777 -0.26529004630313807 0.14835298641951802
0.4 3.9000000000000004 8.8 -0.9302604913129777 -0.26529004630313807 0.14835298641951802
-0.2 3.9000000000000004 9.3 -0.8464846872172499 0.09773843811168245 0.04014257279586958
-0.7000000000000001 4.1000000000000005 9.8 -0.635299847725936 0.37350045992678654 0.031415926535897934
-0.7000000000000001 4.1000000000000005 9.8 -0.635299847725936 0.37350045992678654 0.031415926535897934
-0.7000000000000001 4.1000000000000005 9.8 -0.635299847725936 0.37350045992678654 0.031415926535897934
-0.7000000000000001 4.1000000000000005 9.8 -0.635299847725936 0.37350045992678654 0.031415926535897934
-0.7000000000000001 3.8000000000000003 9.3 -0.3595378259108319 0.2111848394913139 0.12740903539558607
-0.5 3.8000000000000003 8.9 -0.26179938779914946 -0.0471238898038469 0.1413716694115407
-0.5 3.8000000000000003 8.9 -0.26179938779914946 -0.0471238898038469 0.1413716694115407
-0.1 3.7 9.1 -0.25132741228718347 -0.05585053606381855 0.1239183768915974
-0.1 3.7 9.1 -0.25132741228718347 -0.05585053606381855 0.1239183768915974
-0.4 3.8000000000000003 9.3 -0.18151424220741028 0.0471238898038469 0.09250245035569947
-0.4 3.8000000000000003 9.3 -0.18151424220741028 0.0471238898038469 0.09250245035569947
-0.4 3.8000000000000003 9.3 -0.18151424220741028 0.0471238898038469 0.09250245035569947
-0.5 3.9000000000000004 9.1 -0.10646508437165411 0.04537856055185257 0.11344640137963143
-0.5 3.9000000000000004 9.1 -0.10646508437165411 0.04537856055185257 0.11344640137963143
-0.6000000000000001 3.9000000000000004 9.3 -0.09250245035569947 -0.0017453292519943296 0.1780235837034216
-0.4 3.9000000000000004 9.600000000000001 -0.024434609527920613 0.010471975511965978 0.24434609527920614
-0.4 3.9000000000000004 9.600000000000001 -0.024434609527920613 0.010471975511965978 0.24434609527920614
0 3.9000000000000004 9.5 0.07504915783575618 0 0.24434609527920614
0 3.9000000000000004 9.5 0.07504915783575618 0 0.24434609527920614
0.1 4 9.200000000000001 0.11519173063162576 -0.04363323129985824 0.1884955592153876
0.1 4 9.200000000000001 0.11519173063162576 -0.04363323129985824 0.1884955592153876
0.1 4 9.200000000000001 0.11519173063162576 -0.04363323129985824 0.1884955592153876
0 4.1000000000000005 9.3 0.09948376736367678 -0.10471975511965978 0.10995574287564276
0 4.1000000000000005 9.3 0.09948376736367678 -0.10471975511965978 0.10995574287564276
-0.2 4 9.5 0.10122909661567112 -0.12740903539558607 0.09948376736367678
-0.2 4 9.5 0.16755160819145565 -0.11868238913561441 0.14486232791552936
-0.2 4 9.5 0.16755160819145565 -0.11868238913561441 0.14486232791552936
-0.1 4.1000000000000005 9.200000000000001 0.23736477827122882 -0.08028514559173916 0.17627825445142728
-0.1 4.1000000000000005 9.200000000000001 0.23736477827122882 -0.08028514559173916 0.17627825445142728
0.1 4.1000000000000005 8.5 0.19024088846738194 -0.04537856055185257 0.16929693744344998
0.1 4.1000000000000005 8.5 0.19024088846738194 -0.04537856055185257 0.16929693744344998
0.1 4.1000000000000005 8.5 0.19024088846738194 -0.04537856055185257 0.16929693744344998
0.4 4.1000000000000005 8.4 0.048869219055841226 -0.0471238898038469 0.0767944870877505
0.4 4.1000000000000005 8.4 0.048869219055841226 -0.0471238898038469 0.0767944870877505
0.1 4.1000000000000005 8.6 -0.061086523819801536 -0.04537856055185257 -0.029670597283903602
-0.30000000000000004 4 8.700000000000001 -0.08203047484373349 0.006981317007977318 -0.04537856055185257
-0.30000000000000004 4 8.700000000000001 -0.08203047484373349 0.006981317007977318 -0.04537856055185257
-0.5 4 8.9 -0.08552113334772216 0.048869219055841226 0.015707963267948967
-0.5 4 8.9 -0.08552113334772216 0.048869219055841226 0.015707963267948967
-0.5 4 8.9 -0.06806784082777885 0.06806784082777885 0.04363323129985824
-0.30000000000000004 4 9.1 -0.04537856055185257 0.08028514559173916 0.05585053606381855
-0.30000000000000004 4 9.1 -0.04537856055185257 0.08028514559173916 0.05585053606381855
-0.2 4 9 0.013962634015954637 0.0471238898038469 0.061086523819801536
-0.2 4 9 0.013962634015954637 0.0471238898038469 0.061086523819801536
0 3.9000000000000004 8.6 0.020943951023931956 -0.031415926535897934 -0.005235987755982989
-0.30000000000000004 3.9000000000000004 8.5 -0.04363323129985824 -0.06981317007977318 -0.06283185307179587
-0.30000000000000004 3.9000000000000004 8.5 -0.04363323129985824 -0.06981317007977318 -0.06283185307179587
-0.30000000000000004 3.9000000000000004 8.5 -0.04363323129985824 -0.06981317007977318 -0.06283185307179587
-0.30000000000000004 3.9000000000000004 8.5 -0.04363323129985824 -0.06981317007977318 -0.06283185307179587
-0.5 3.8000000000000003 8.700000000000001 -0.10297442586766545 -0.04014257279586958 -0.04537856055185257
-0.6000000000000001 3.8000000000000003 9 -0.12740903539558607 -0.0017453292519943296 0.031415926535897934
-0.6000000000000001 3.8000000000000003 9 -0.12740903539558607 -0.0017453292519943296 0.031415926535897934
-0.30000000000000004 3.8000000000000003 9 -0.09075712110370514 0.03665191429188092 0.10122909661567112
-0.30000000000000004 3.8000000000000003 9 -0.09075712110370514 0.03665191429188092 0.10122909661567112
-0.2 3.9000000000000004 9 -0.07155849933176751 0.05061454830783556 0.11519173063162576
-0.1 3.9000000000000004 9 -0.06632251157578452 0.0017453292519943296 0.11868238913561441
-0.1 3.9000000000000004 9 -0.06632251157578452 0.0017453292519943296 0.11868238913561441
-0.1 3.9000000000000004 9 -0.06632251157578452 0.0017453292519943296 0.11868238913561441
-0.1 3.9000000000000004 9 -0.06632251157578452 0.0017453292519943296 0.11868238913561441
0.2 3.9000000000000004 8.9 -0.08377580409572782 -0.05585053606381855 0.08203047484373349
0 3.9000000000000004 9.1 -0.09948376736367678 -0.07155849933176751 0.03839724354387525
0 3.9000000000000004 9.1 -0.09948376736367678 -0.07155849933176751 0.03839724354387525
-0.1 4 9.4 -0.07504915783575618 -0.05061454830783556 0.05759586531581288
-0.1 4 9.4 -0.07504915783575618 -0.05061454830783556 0.05759586531581288
0 4 9.4 -0.022689280275926284 -0.005235987755982989 0.07504915783575618
0 4 9.4 0.03490658503988659 -0.019198621771937624 0.10646508437165411
0 4 9.4 0.03490658503988659 -0.019198621771937624 0.10646508437165411
0 4 9.4 0.03490658503988659 -0.019198621771937624 0.10646508437165411
0 4 9.4 0.03490658503988659 -0.019198621771937624 0.10646508437165411
0.2 4 9.1 0.08203047484373349 -0.09075712110370514 0.1117010721276371
0.4 4.1000000000000005 9.1 0.08028514559173916 -0.1117010721276371 0.08028514559173916
0.4 4.1000000000000005 9.1 0.08028514559173916 -0.1117010721276371 0.08028514559173916
0.4 4 9.1 0.09250245035569947 -0.11344640137963143 0.03839724354387525
0.4 4 9.1 0.09250245035569947 -0.11344640137963143 0.03839724354387525
0.1 4 8.9 0.09075712110370514 -0.10122909661567112 0.012217304763960306
0.1 4 8.9 0.07853981633974483 -0.08377580409572782 0.015707963267948967
0.1 4 8.9 0.07853981633974483 -0.08377580409572782 0.015707963267948967
0 4 8.9 0.059341194567807204 -0.05235987755982989 0.017453292519943295
0 4 8.9 0.059341194567807204 -0.05235987755982989 0.017453292519943295
0 3.9000000000000004 9 0.0471238898038469 -0.015707963267948967 0.017453292519943295
0 4 8.9 0.061086523819801536 -0.020943951023931956 -0.006981317007977318
0 4 8.9 0.061086523819801536 -0.020943951023931956 -0.006981317007977318
-0.1 4 8.700000000000001 0.06806784082777885 -0.0645771823237902 -0.0017453292519943296
-0.1 4 8.700000000000001 0.06806784082777885 -0.0645771823237902 -0.0017453292519943296
-0.1 4 8.6 0.059341194567807204 -0.11344640137963143 0
-0.1 4 8.6 0.059341194567807204 -0.11344640137963143 0
-0.1 4 8.6 0.059341194567807204 -0.11344640137963143 0
-0.30000000000000004 3.9000000000000004 8.5 0.005235987755982989 -0.054105206811824215 0.006981317007977318
-0.30000000000000004 3.9000000000000004 8.5 0.005235987755982989 -0.054105206811824215 0.006981317007977318
-0.30000000000000004 3.9000000000000004 8.6 -0.05759586531581288 0.05585053606381855 0.04014257279586958
-0.30000000000000004 3.8000000000000003 8.6 -0.09250245035569947 0.10821041362364843 0.07155849933176751
-0.30000000000000004 3.8000000000000003 8.6 -0.09250245035569947 0.10821041362364843 0.07155849933176751
-0.4 3.7 8.6 -0.153588974175501 0.16057029118347832 0.07504915783575618
-0.4 3.7 8.6 -0.153588974175501 0.16057029118347832 0.07504915783575618
-0.30000000000000004 3.8000000000000003 9.4 -0.18151424220741028 0.25481807079117214 0.12217304763960307
-0.30000000000000004 3.8000000000000003 9.4 -0.18151424220741028 0.25481807079117214 0.12217304763960307
-0.30000000000000004 3.8000000000000003 9.4 -0.18151424220741028 0.25481807079117214 0.12217304763960307
-0.1 3.7 9.4 -0.11868238913561441 0.10122909661567112 0.17278759594743862
-0.1 3.7 9.4 -0.11868238913561441 0.10122909661567112 0.17278759594743862
0 3.8000000000000003 9.3 -0.0471238898038469 0.0471238898038469 0.15533430342749532
0 3.8000000000000003 9.3 -0.029670597283903602 0.020943951023931956 0.13962634015954636
0 3.8000000000000003 9.3 -0.029670597283903602 0.020943951023931956 0.13962634015954636
0 3.8000000000000003 9.3 -0.020943951023931956 0.0017453292519943296 0.1361356816555577
0 3.8000000000000003 9.3 -0.020943951023931956 0.0017453292519943296 0.1361356816555577
0 3.9000000000000004 9.3 0.017453292519943295 -0.03839724354387525 0.15533430342749532
0.30000000000000004 3.9000000000000004 9.200000000000001 0.017453292519943295 -0.03839724354387525 0.15533430342749532
0.30000000000000004 3.9000000000000004 9.200000000000001 0.017453292519943295 -0.03839724354387525 0.15533430342749532
0.6000000000000001 4 9 0.0017453292519943296 0 0.11519173063162576
0.6000000000000001 4 9 0.0017453292519943296 0 0.11519173063162576
0.6000000000000001 4.1000000000000005 9.200000000000001 -0.048869219055841226 -0.0017453292519943296 0.08203047484373349
0.4 4.2 9.4 0 0.013962634015954637 0.06283185307179587
0.4 4.2 9.4 0 0.013962634015954637 0.06283185307179587
0.4 4.2 9.4 0 0.013962634015954637 0.06283185307179587
0.4 4.2 9.4 0 0.013962634015954637 0.06283185307179587
0.5 4.1000000000000005 9.3 0.08028514559173916 -0.03490658503988659 0.05235987755982989
0.5 4.2 9 0.13089969389957473 -0.11693705988362008 0.020943951023931956
0.5 4.2 9 0.13089969389957473 -0.11693705988362008 0.020943951023931956
0.5 4.1000000000000005 8.8 0.10646508437165411 -0.17278759594743862 -0.020943951023931956
0.5 4.1000000000000005 8.8 0.10646508437165411 -0.17278759594743862 -0.020943951023931956
0.4 4.2 8.9 0.06981317007977318 -0.13788101090755203 -0.03490658503988659
0.30000000000000004 4.1000000000000005 8.9 0.026179938779914945 -0.05759586531581288 -0.024434609527920613
0.30000000000000004 4.1000000000000005 8.9 0.026179938779914945 -0.05759586531581288 -0.024434609527920613
0.30000000000000004 4.1000000000000005 8.9 0.026179938779914945 -0.05759586531581288 -0.024434609527920613
0.30000000000000004 4.1000000000000005 8.9 0.026179938779914945 -0.05759586531581288 -0.024434609527920613
0.30000000000000004 4 9 0.0017453292519943296 -0.031415926535897934 0.026179938779914945
0.4 3.9000000000000004 9.1 0.019198621771937624 -0.0471238898038469 0.022689280275926284
0.4 3.9000000000000004 9.1 0.019198621771937624 -0.0471238898038469 0.022689280275926284
0.5 4 9 0.03665191429188092 -0.05061454830783556 -0.026179938779914945
0.5 4 9 0.03665191429188092 -0.05061454830783556 -0.026179938779914945
0.4 4 8.6 0.019198621771937624 -0.048869219055841226 -0.0890117918517108
0.2 3.9000000000000004 8.700000000000001 -0.0471238898038469 -0.017453292519943295 -0.13962634015954636
0.2 3.9000000000000004 8.700000000000001 -0.0471238898038469 -0.017453292519943295 -0.13962634015954636
0.2 3.9000000000000004 8.700000000000001 -0.0471238898038469 -0.017453292519943295 -0.13962634015954636
0.2 3.9000000000000004 8.700000000000001 -0.0471238898038469 -0.017453292519943295 -0.13962634015954636
0 3.8000000000000003 9.200000000000001 -0.09948376736367678 0.019198621771937624 -0.14311699866353503
-0.1 3.8000000000000003 9.600000000000001 -0.05061454830783556 0.04188790204786391 -0.11693705988362008
-0.1 3.8000000000000003 9.600000000000001 -0.05061454830783556 0.04188790204786391 -0.11693705988362008
-0.1 3.8000000000000003 9.5 0.06981317007977318 -0.006981317007977318 -0.08377580409572782
-0.1 3.8000000000000003 9.5 0.06981317007977318 -0.006981317007977318 -0.08377580409572782
-0.1 3.9000000000000004 9.200000000000001 0.17976891295541594 -0.11344640137963143 -0.06981317007977318
-0.1 3.9000000000000004 9.200000000000001 0.2059488517353309 -0.15707963267948966 -0.06806784082777885
-0.1 3.9000000000000004 9.200000000000001 0.2059488517353309 -0.15707963267948966 -0.06806784082777885
-0.1 3.9000000000000004 8.6 0.20943951023931956 -0.17627825445142728 -0.06632251157578452
-0.1 3.9000000000000004 8.6 0.20943951023931956 -0.17627825445142728 -0.06632251157578452
-0.1 3.9000000000000004 8.5 0.15009831567151236 -0.17627825445142728 -0.061086523819801536
-0.2 3.9000000000000004 8.4 0.07853981633974483 -0.1413716694115407 -0.017453292519943295
-0.2 3.9000000000000004 8.4 0.07853981633974483 -0.1413716694115407 -0.017453292519943295
0 3.9000000000000004 8.4 0.020943951023931956 -0.10297442586766545 0.04363323129985824
0 3.9000000000000004 8.4 0.020943951023931956 -0.10297442586766545 0.04363323129985824
0.5 3.9000000000000004 8.5 -0.05585053606381855 -0.05759586531581288 0.026179938779914945
0.5 3.9000000000000004 8.5 -0.05585053606381855 -0.05759586531581288 0.026179938779914945
0.5 3.9000000000000004 8.5 -0.05585053606381855 -0.05759586531581288 0.026179938779914945
0.4 4 8.8 -0.11519173063162576 -0.026179938779914945 -0.048869219055841226
0.4 4 8.8 -0.11519173063162576 -0.026179938779914945 -0.048869219055841226
-0.1 4.2 8.9 -0.14835298641951802 -0.07330382858376185 -0.0942477796076938
0.1 3.9000000000000004 9.200000000000001 -0.13962634015954636 -0.0942477796076938 -0.013962634015954637
0.1 3.9000000000000004 9.200000000000001 -0.13962634015954636 -0.0942477796076938 -0.013962634015954637
0.2 4 9.3 -0.0890117918517108 -0.0645771823237902 0.015707963267948967
0.2 4 9.3 -0.0890117918517108 -0.0645771823237902 0.015707963267948967
0.5 4 9.3 -0.027925268031909273 -0.027925268031909273 0.031415926535897934
0.5 4 9.3 -0.027925268031909273 -0.027925268031909273 0.031415926535897934
0.5 4 9.3 -0.027925268031909273 -0.027925268031909273 0.031415926535897934
0.5 4 9.200000000000001 0.031415926535897934 -0.03490658503988659 0.008726646259971648
0.5 4 9.200000000000001 0.031415926535897934 -0.03490658503988659 0.008726646259971648
0.30000000000000004 4.1000000000000005 9.1 0.06981317007977318 -0.0767944870877505 0.012217304763960306
0.5 4 8.9 0.10122909661567112 -0.08377580409572782 0.022689280275926284
0.5 4 8.9 0.10122909661567112 -0.08377580409572782 0.022689280275926284
0.6000000000000001 4 8.700000000000001 0.07504915783575618 -0.05235987755982989 0.005235987755982989
0.6000000000000001 4 8.700000000000001 0.07504915783575618 -0.05235987755982989 0.005235987755982989
0.4 4 8.8 0.03316125578789226 -0.029670597283903602 -0.031415926535897934
0.4 4 8.8 0.03316125578789226 -0.029670597283903602 -0.031415926535897934
0.4 4 8.8 0.03316125578789226 -0.029670597283903602 -0.031415926535897934
0.30000000000000004 4 8.8 0.03490658503988659 -0.026179938779914945 -0.03490658503988659
0.30000000000000004 4 8.8 0.03490658503988659 -0.026179938779914945 -0.03490658503988659
0.4 4 8.6 0.027925268031909273 -0.05759586531581288 -0.048869219055841226
0.2 3.9000000000000004 8.4 -0.006981317007977318 -0.05235987755982989 -0.07155849933176751
0.2 3.9000000000000004 8.4 -0.006981317007977318 -0.05235987755982989 -0.07155849933176751
0.1 3.9000000000000004 8.1 -0.0767944870877505 -0.04188790204786391 -0.08203047484373349
0.1 3.9000000000000004 8.1 -0.0767944870877505 -0.04188790204786391 -0.08203047484373349
0.1 3.9000000000000004 8.1 -0.14311699866353503 -0.03665191429188092 -0.08726646259971647
-0.1 3.8000000000000003 8.200000000000001 -0.20769418098732523 -0.03316125578789226 -0.08377580409572782
-0.1 3.8000000000000003 8.200000000000001 -0.20769418098732523 -0.03316125578789226 -0.08377580409572782
0 3.7 8.4 -0.31590459461097364 -0.017453292519943295 -0.0471238898038469
0 3.7 8.4 -0.31590459461097364 -0.017453292519943295 -0.0471238898038469
0.2 3.6 8.700000000000001 -0.4188790204786391 0.04537856055185257 -0.06632251157578452
0 3.5 9 -0.4991641660703783 0.20245819323134223 -0.05585053606381855
0 3.5 9 -0.4991641660703783 0.20245819323134223 -0.05585053606381855
0 3.5 9 -0.4991641660703783 0.20245819323134223 -0.05585053606381855
0 3.5 9 -0.4991641660703783 0.20245819323134223 -0.05585053606381855
0.4 3.5 9.1 -0.5689773361501514 0.3403392041388943 -0.061086523819801536
0.30000000000000004 3.4000000000000004 9.4 -0.6265732014659643 0.37873644768276954 -0.12566370614359174
0.30000000000000004 3.4000000000000004 9.4 -0.6265732014659643 0.37873644768276954 -0.12566370614359174
0.1 3.4000000000000004 9.700000000000001 -0.619591884457987 0.3700098014227979 -0.16231562043547265
0.1 3.4000000000000004 9.700000000000001 -0.619591884457987 0.3700098014227979 -0.16231562043547265
-0.2 3.3000000000000003 9.600000000000001 -0.5550147021341968 0.29146998508305305 -0.16929693744344998
-0.4 3.2 9.8 -0.47123889803846897 0.29146998508305305 -0.11693705988362008
-0.4 3.2 9.8 -0.47123889803846897 0.29146998508305305 -0.11693705988362008
-0.4 3.2 9.8 -0.47123889803846897 0.29146998508305305 -0.11693705988362008
-0.4 3.2 9.8 -0.47123889803846897 0.29146998508305305 -0.11693705988362008
-0.4 3.2 9.8 -0.39793506945470714 0.31066860685499065 -0.020943951023931956
-0.5 3.1 9.700000000000001 -0.2879793265790644 0.2478367537831948 0.10471975511965978
-0.5 3.1 9.700000000000001 -0.2879793265790644 0.2478367537831948 0.10471975511965978
-0.2 3.1 9.9 -0.0942477796076938 0.16755160819145565 0.21293016874330822
-0.2 3.1 9.9 -0.0942477796076938 0.16755160819145565 0.21293016874330822
0.30000000000000004 3.1 9.700000000000001 0.0645771823237902 0.020943951023931956 0.24434609527920614
0.6000000000000001 3.2 9.4 0.16057029118347832 -0.11868238913561441 0.16755160819145565
0.6000000000000001 3.2 9.4 0.16057029118347832 -0.11868238913561441 0.16755160819145565
0.6000000000000001 3.2 9.4 0.16057029118347832 -0.11868238913561441 0.16755160819145565
0.6000000000000001 3.2 9.4 0.16057029118347832 -0.11868238913561441 0.16755160819145565
0.5 3.3000000000000003 9.200000000000001 0.18151424220741028 -0.16057029118347832 0.061086523819801536
0.2 3.3000000000000003 9.1 0.15533430342749532 -0.19373154697137057 0.003490658503988659
0.2 3.3000000000000003 9.1 0.15533430342749532 -0.19373154697137057 0.003490658503988659
0.1 3.3000000000000003 9.1 0.12740903539558607 -0.19722220547535924 -0.003490658503988659
0.1 3.3000000000000003 9.1 0.12740903539558607 -0.19722220547535924 -0.003490658503988659
0.1 3.3000000000000003 9.200000000000001 0.08377580409572782 -0.13264502315156904 -0.0017453292519943296
0.1 3.3000000000000003 9.200000000000001 0.06806784082777885 -0.09948376736367678 -0.0017453292519943296
0.1 3.3000000000000003 9.200000000000001 0.06806784082777885 -0.09948376736367678 -0.0017453292519943296
0.1 3.3000000000000003 9.3 0.059341194567807204 -0.06632251157578452 0
0.1 3.3000000000000003 9.3 0.059341194567807204 -0.06632251157578452 0
0 3.2 9.4 0.03316125578789226 -0.0471238898038469 0.008726646259971648
-0.1 3.2 9.3 0.020943951023931956 -0.022689280275926284 0.006981317007977318
-0.1 3.2 9.3 0.020943951023931956 -0.022689280275926284 0.006981317007977318
0.1 3.2 9.4 -0.003490658503988659 -0.05061454830783556 -0.0017453292519943296
0.1 3.2 9.4 -0.003490658503988659 -0.05061454830783556 -0.0017453292519943296
0.2 3.2 9.3 -0.010471975511965978 -0.048869219055841226 -0.006981317007977318
0.2 3.2 9.3 -0.010471975511965978 -0.048869219055841226 -0.006981317007977318
0.2 3.2 9.3 -0.010471975511965978 -0.048869219055841226 -0.006981317007977318
0.2 3.2 9.3 -0.03490658503988659 -0.022689280275926284 -0.054105206811824215
0.2 3.2 9.3 -0.03490658503988659 -0.022689280275926284 -0.054105206811824215
-0.1 3.2 9.4 -0.03316125578789226 -0.017453292519943295 -0.07504915783575618
-0.1 3.2 9.3 -0.022689280275926284 -0.04188790204786391 -0.04014257279586958
-0.1 3.2 9.3 -0.022689280275926284 -0.04188790204786391 -0.04014257279586958
0.1 3.2 9.1 -0.03665191429188092 -0.08726646259971647 -0.020943951023931956
0.1 3.2 9.1 -0.03665191429188092 -0.08726646259971647 -0.020943951023931956
0.4 3.2 9 -0.09599310885968813 -0.19198621771937627 -0.08552113334772216
0.6000000000000001 3.2 8.9 -0.09599310885968813 -0.19198621771937627 -0.08552113334772216
0.6000000000000001 3.2 8.9 -0.09599310885968813 -0.19198621771937627 -0.08552113334772216
0.6000000000000001 3.2 9 -0.18151424220741028 -0.31066860685499065 -0.23212879051524585
0.6000000000000001 3.2 9 -0.18151424220741028 -0.31066860685499065 -0.23212879051524585
0.2 3.2 8.9 -0.26179938779914946 -0.307177948351002 -0.307177948351002
0.1 3.1 8.1 -0.4799655442984406 -0.3420845333908886 -0.31590459461097364
0.1 3.1 8.1 -0.4799655442984406 -0.3420845333908886 -0.31590459461097364
-0.1 3.1 8.8 -0.7661995416255107 -0.23561944901923448 -0.30194196059501904
-0.1 3.1 8.8 -0.7661995416255107 -0.23561944901923448 -0.30194196059501904
0 2.5 8.6 -1.0506882097005865 -0.21293016874330822 -0.31066860685499065
0 2.5 8.6 -1.0506882097005865 -0.21293016874330822 -0.31066860685499065
0 2.5 8.6 -1.0506882097005865 -0.21293016874330822 -0.31066860685499065
0.2 2.6 9.1 -1.36659280431156 -0.3752457891787809 -0.3403392041388943
0.2 2.6 9.1 -1.36659280431156 -0.3752457891787809 -0.3403392041388943
0.7000000000000001 2.1 9.700000000000001 -1.403244718603441 -0.5846852994181004 -0.20943951023931956
0.8 2.2 10.5 -1.1676252695842064 -0.48171087355043496 -0.1291543646475804
0.8 2.2 10.5 -1.1676252695842064 -0.48171087355043496 -0.1291543646475804
0.8 2.2 10.5 -1.1676252695842064 -0.48171087355043496 -0.1291543646475804
0.8 2.2 10.5 -1.1676252695842064 -0.48171087355043496 -0.1291543646475804
0.6000000000000001 2.1 10.700000000000001 -0.7504915783575618 -0.013962634015954637 -0.09250245035569947
0.1 1.8 10.700000000000001 -0.37350045992678654 0.22514747350726852 -0.017453292519943295
0.1 1.8 10.700000000000001 -0.37350045992678654 0.22514747350726852 -0.017453292519943295
-0.2 1.7000000000000002 10.600000000000001 -0.1239183768915974 0.07504915783575618 0.061086523819801536
-0.2 1.7000000000000002 10.600000000000001 -0.1239183768915974 0.07504915783575618 0.061086523819801536
0 1.7000000000000002 10.200000000000001 0.09075712110370514 -0.23038346126325152 0.11344640137963143
0.2 1.5 9.5 0.26179938779914946 -0.04188790204786391 0.09948376736367678
0.2 1.5 9.5 0.26179938779914946 -0.04188790204786391 0.09948376736367678
0.2 1.5 9.5 0.26179938779914946 -0.04188790204786391 0.09948376736367678
0.2 1.5 9.5 0.26179938779914946 -0.04188790204786391 0.09948376736367678
0.30000000000000004 1.3 8.9 0.23212879051524585 0.18151424220741028 0.1117010721276371
0.5 1.5 8.3 0.008726646259971648 0.1710422666954443 0.09250245035569947
0.5 1.5 8.3 0.008726646259971648 0.1710422666954443 0.09250245035569947
0.6000000000000001 1.7000000000000002 8.9 -0.27576202181510406 0.26878070480712674 0.05061454830783556
0.6000000000000001 1.7000000000000002 8.9 -0.27576202181510406 0.26878070480712674 0.05061454830783556
0.7000000000000001 1.5 9.5 -0.5550147021341968 0.09250245035569947 -0.048869219055841226
0.6000000000000001 1.5 9.4 -0.7766715171374766 0.054105206811824215 -0.16057029118347832
0.6000000000000001 1.5 9.4 -0.7766715171374766 0.054105206811824215 -0.16057029118347832
0.4 1.4000000000000001 9.4 -0.7766715171374766 0.054105206811824215 -0.16057029118347832
0.4 1.4000000000000001 9.4 -0.7766715171374766 0.054105206811824215 -0.16057029118347832
0 0.8 9.5 -0.9232791743050004 0.09075712110370514 -0.1466076571675237
-0.1 0.6000000000000001 10 -1.1292280260403313 0.1780235837034216 -0.19024088846738194
-0.1 0.6000000000000001 10 -1.1292280260403313 0.1780235837034216 -0.19024088846738194
0.1 0.9 10.3 -1.1780972450961724 0.39444441095071847 -0.2775073510670984
0.1 0.9 10.3 -1.1780972450961724 0.39444441095071847 -0.2775073510670984
0.30000000000000004 0.7000000000000001 10.8 -1.064650843716541 0.4729842272904633 -0.32812189937493397
0.30000000000000004 0.7000000000000001 10.8 -1.064650843716541 0.4729842272904633 -0.32812189937493397
0.30000000000000004 0.7000000000000001 10.8 -1.064650843716541 0.4729842272904633 -0.32812189937493397
0.2 0.5 11.700000000000001 -0.7941248096574199 0.38397243543875254 -0.3403392041388943
0.2 0.5 11.700000000000001 -0.7941248096574199 0.38397243543875254 -0.3403392041388943
-0.4 0.8 12.9 -0.3089232776029963 0.006981317007977318 -0.3351032163829113
-0.6000000000000001 1 13.8 0.5934119456780721 -0.4433136300065597 -0.16231562043547265
-0.6000000000000001 1 13.8 0.5934119456780721 -0.4433136300065597 -0.16231562043547265
0.2 -0.2 12.4 1.7645278737662673 -0.5689773361501514 0.05235987755982989
0.2 -0.2 12.4 1.7645278737662673 -0.5689773361501514 0.05235987755982989
0.9 -0.30000000000000004 9.700000000000001 2.2252947962927703 -0.4433136300065597 -0.031415926535897934
0.9 -0.30000000000000004 9.700000000000001 2.2252947962927703 -0.4433136300065597 -0.031415926535897934
0.9 -0.30000000000000004 9.700000000000001 2.2252947962927703 -0.4433136300065597 -0.031415926535897934
0.8 1.1 8.5 1.8622663118779497 -0.28099800957108706 -0.18151424220741028
0.8 1.1 8.5 1.8622663118779497 -0.28099800957108706 -0.18151424220741028
0.2 2.1 7.7 1.3369222070276565 -0.4188790204786391 -0.13439035240356337
0.30000000000000004 2.2 7.5 0.7382742735936014 -0.3368485456349056 -0.12566370614359174
0.30000000000000004 2.2 7.5 0.7382742735936014 -0.3368485456349056 -0.12566370614359174
0.4 2.1 8.3 0.32637657012293964 -0.2897246558310587 -0.059341194567807204
0.4 2.1 8.3 0.32637657012293964 -0.2897246558310587 -0.059341194567807204
0.5 1.9000000000000001 8.9 0.19024088846738194 -0.23212879051524585 0.006981317007977318
0.5 1.9000000000000001 8.9 0.19024088846738194 -0.23212879051524585 0.006981317007977318
0.5 1.9000000000000001 8.9 0.19024088846738194 -0.23212879051524585 0.006981317007977318
0.6000000000000001 1.8 9.1 0.21467549799530253 -0.11519173063162576 0.0645771823237902
0.6000000000000001 1.8 9.1 0.21467549799530253 -0.11519173063162576 0.0645771823237902
0.9 2.1 9.200000000000001 0.22863813201125718 -0.19198621771937627 0.07504915783575618
1 2.2 8.8 0.1884955592153876 -0.3193952531149623 -0.015707963267948967
1 2.2 8.8 0.1884955592153876 -0.3193952531149623 -0.015707963267948967
1 2.2 8.8 0.1710422666954443 -0.3089232776029963 -0.04537856055185257
1 2.2 8.8 0.1710422666954443 -0.3089232776029963 -0.04537856055185257
0.9 2.1 8.9 0.14486232791552936 -0.017453292519943295 -0.03839724354387525
0.8 2.2 9 0.14486232791552936 -0.017453292519943295 -0.03839724354387525
0.8 2.2 9 0.14486232791552936 -0.017453292519943295 -0.03839724354387525
0.9 2.6 9.200000000000001 0.15533430342749532 0.16580627893946132 0.04188790204786391
0.9 2.6 9.200000000000001 0.15533430342749532 0.16580627893946132 0.04188790204786391
1.3 2.4000000000000004 9.4 0.13788101090755203 0.12740903539558607 0.019198621771937624
0.9 2.7 9.600000000000001 0.08203047484373349 -0.031415926535897934 -0.14835298641951802
0.9 2.7 9.600000000000001 0.08203047484373349 -0.031415926535897934 -0.14835298641951802
0.9 2.7 9.600000000000001 0.08377580409572782 -0.13264502315156904 -0.16929693744344998
0.9 2.7 9.600000000000001 0.08377580409572782 -0.13264502315156904 -0.16929693744344998
0.8 2.5 9.4 0.10297442586766545 -0.153588974175501 -0.1710422666954443
0.7000000000000001 2.6 9.200000000000001 0.16406094968746698 -0.03316125578789226 -0.10646508437165411
0.7000000000000001 2.6 9.200000000000001 0.16406094968746698 -0.03316125578789226 -0.10646508437165411
0.7000000000000001 2.9000000000000004 8.8 0.05235987755982989 0.14311699866353503 0.015707963267948967
0.7000000000000001 2.9000000000000004 8.8 0.05235987755982989 0.14311699866353503 0.015707963267948967
0.9 2.7 8.9 -0.1466076571675237 0.307177948351002 0.14311699866353503
0.9 2.7 8.9 -0.1466076571675237 0.307177948351002 0.14311699866353503
0.9 2.7 8.9 -0.1466076571675237 0.307177948351002 0.14311699866353503
1 2.2 9.5 -0.13962634015954636 0.24958208303518914 0.08726646259971647
1 2.2 9.5 -0.13962634015954636 0.24958208303518914 0.08726646259971647
0.30000000000000004 2.7 10 0.0942477796076938 0.1361356816555577 -0.12217304763960307
0.6000000000000001 2.7 9.3 -0.015707963267948967 -0.3036872898470134 -0.020943951023931956
0.6000000000000001 2.7 9.3 -0.015707963267948967 -0.3036872898470134 -0.020943951023931956
0.8 2.5 9.3 -0.06283185307179587 -0.10821041362364843 0.012217304763960306
0.8 2.5 9.3 -0.06283185307179587 -0.10821041362364843 0.012217304763960306
0.6000000000000001 2.4000000000000004 9.200000000000001 0.0645771823237902 0.24085543677521748 0.010471975511965978
0.30000000000000004 2.5 8.8 -0.006981317007977318 0.054105206811824215 -0.013962634015954637
0.30000000000000004 2.5 8.8 -0.006981317007977318 0.054105206811824215 -0.013962634015954637
0.30000000000000004 2.5 8.8 -0.006981317007977318 0.054105206811824215 -0.013962634015954637
0.30000000000000004 2.5 8.8 -0.006981317007977318 0.054105206811824215 -0.013962634015954637
0.30000000000000004 2.4000000000000004 8.8 -0.16057029118347832 -0.013962634015954637 0.027925268031909273
0.4 2.7 9.700000000000001 -0.23212879051524585 0.09599310885968813 0.158824961931484
0.4 2.7 9.700000000000001 -0.23212879051524585 0.09599310885968813 0.158824961931484
0.4 2.7 9.700000000000001 -0.23212879051524585 0.09599310885968813 0.158824961931484
0.4 2.7 9.700000000000001 -0.23212879051524585 0.09599310885968813 0.158824961931484
0.4 2.7 9.700000000000001 -0.23212879051524585 0.09599310885968813 0.158824961931484
0.4 2.7 9.700000000000001 -0.23212879051524585 0.09599310885968813 0.158824961931484
0.4 2.7 9.700000000000001 -0.23212879051524585 0.09599310885968813 0.158824961931484
0.4 2.7 9.700000000000001 -0.23212879051524585 0.09599310885968813 0.158824961931484
0.4 2.7 9.700000000000001 -0.23212879051524585 0.09599310885968813 0.158824961931484
0.4 2.7 9.700000000000001 -0.23212879051524585 0.09599310885968813 0.158824961931484
0.4 2.7 9.700000000000001 -0.23212879051524585 0.09599310885968813 0.158824961931484
0.4 2.7 9.700000000000001 -0.23212879051524585 0.09599310885968813 0.158824961931484
0.4 2.7 9.700000000000001 -0.23212879051524585 0.09599310885968813 0.158824961931484
0.4 2.7 9.700000000000001 -0.23212879051524585 0.09599310885968813 0.158824961931484
0.4 2.7 9.700000000000001 -0.23212879051524585 0.09599310885968813 0.158824961931484
0.4 2.7 9.700000000000001 -0.23212879051524585 0.09599310885968813 0.158824961931484
0.4 2.7 9.700000000000001 -0.23212879051524585 0.09599310885968813 0.158824961931484
0.4 2.7 9.700000000000001 -0.23212879051524585 0.09599310885968813 0.158824961931484
0.4 2.7 9.700000000000001 -0.23212879051524585 0.09599310885968813 0.158824961931484
0.4 2.7 9.700000000000001 -0.23212879051524585 0.09599310885968813 0.158824961931484
0.4 2.7 9.700000000000001 -0.23212879051524585 0.09599310885968813 0.158824961931484
0.4 2.7 9.700000000000001 -0.23212879051524585 0.09599310885968813 0.158824961931484
0.4 2.7 9.700000000000001 -0.23212879051524585 0.09599310885968813 0.158824961931484
0.4 2.7 9.700000000000001 -0.23212879051524585 0.09599310885968813 0.158824961931484
0.4 2.7 9.700000000000001 -0.23212879051524585 0.09599310885968813 0.158824961931484
0.4 2.7 9.700000000000001 -0.23212879051524585 0.09599310885968813 0.158824961931484
0.4 2.7 9.700000000000001 -0.23212879051524585 0.09599310885968813 0.158824961931484
0.4 2.7 9.700000000000001 -0.23212879051524585 0.09599310885968813 0.158824961931484
0.4 2.7 9.700000000000001 -0.23212879051524585 0.09599310885968813 0.158824961931484
0.4 2.7 9.700000000000001 -0.23212879051524585 0.09599310885968813 0.158824961931484
0.4 2.7 9.700000000000001 -0.23212879051524585 0.09599310885968813 0.158824961931484
0.4 2.7 9.700000000000001 -0.23212879051524585 0.09599310885968813 0.158824961931484
0.4 2.7 9.700000000000001 -0.23212879051524585 0.09599310885968813 0.158824961931484
0.4 2.7 9.700000000000001 -0.23212879051524585 0.09599310885968813 0.158824961931484
0.4 2.7 9.700000000000001 -0.23212879051524585 0.09599310885968813 0.158824961931484
0.4 2.7 9.700000000000001 -0.23212879051524585 0.09599310885968813 0.158824961931484
0.4 2.7 9.700000000000001 -0.23212879051524585 0.09599310885968813 0.158824961931484
0.4 2.7 9.700000000000001 -0.23212879051524585 0.09599310885968813 0.158824961931484
0.4 2.7 9.700000000000001 -0.23212879051524585 0.09599310885968813 0.158824961931484
0.4 2.7 9.700000000000001 -0.23212879051524585 0.09599310885968813 0.158824961931484
0.4 2.7 9.700000000000001 -0.23212879051524585 0.09599310885968813 0.158824961931484
0.4 2.7 9.700000000000001 -0.23212879051524585 0.09599310885968813 0.158824961931484
0.4 2.7 9.700000000000001 -0.23212879051524585 0.09599310885968813 0.158824961931484
0.4 2.7 9.700000000000001 -0.23212879051524585 0.09599310885968813 0.158824961931484
0.4 2.7 9.700000000000001 -0.23212879051524585 0.09599310885968813 0.158824961931484
0.4 2.7 9.700000000000001 -0.23212879051524585 0.09599310885968813 0.158824961931484
0.4 2.7 9.700000000000001 -0.23212879051524585 0.09599310885968813 0.158824961931484
0.4 2.7 9.700000000000001 -0.23212879051524585 0.09599310885968813 0.158824961931484
0.4 2.7 9.700000000000001 -0.23212879051524585 0.09599310885968813 0.158824961931484
0.4 2.7 9.700000000000001 -0.23212879051524585 0.09599310885968813 0.158824961931484
0.4 2.7 9.700000000000001 -0.23212879051524585 0.09599310885968813 0.158824961931484
0.4 2.7 9.700000000000001 -0.23212879051524585 0.09599310885968813 0.158824961931484
0.4 2.7 9.700000000000001 -0.23212879051524585 0.09599310885968813 0.158824961931484
0.4 2.7 9.700000000000001 -0.23212879051524585 0.09599310885968813 0.158824961931484
0.4 2.7 9.700000000000001 -0.23212879051524585 0.09599310885968813 0.158824961931484
0.4 2.7 9.700000000000001 -0.23212879051524585 0.09599310885968813 0.158824961931484
0.4 2.7 9.700000000000001 -0.23212879051524585 0.09599310885968813 0.158824961931484
0.4 2.7 9.700000000000001 -0.23212879051524585 0.09599310885968813 0.158824961931484
0.4 2.7 9.700000000000001 -0.23212879051524585 0.09599310885968813 0.158824961931484
0.4 2.7 9.700000000000001 -0.23212879051524585 0.09599310885968813 0.158824961931484
0.4 2.7 9.700000000000001 -0.23212879051524585 0.09599310885968813 0.158824961931484
0.4 2.7 9.700000000000001 -0.23212879051524585 0.09599310885968813 0.158824961931484
0.4 2.7 9.700000000000001 -0.23212879051524585 0.09599310885968813 0.158824961931484
0.4 2.7 9.700000000000001 -0.23212879051524585 0.09599310885968813 0.158824961931484
0.4 2.7 9.700000000000001 -0.23212879051524585 0.09599310885968813 0.158824961931484
0.4 2.7 9.700000000000001 -0.23212879051524585 0.09599310885968813 0.158824961931484
0.4 2.7 9.700000000000001 -0.23212879051524585 0.09599310885968813 0.158824961931484
0.4 2.7 9.700000000000001 -0.23212879051524585 0.09599310885968813 0.158824961931484
0.4 2.7 9.700000000000001 -0.23212879051524585 0.09599310885968813 0.158824961931484
0.4 2.7 9.700000000000001 -0.23212879051524585 0.09599310885968813 0.158824961931484
0.4 2.7 9.700000000000001 -0.23212879051524585 0.09599310885968813 0.158824961931484
0.4 2.7 9.700000000000001 -0.23212879051524585 0.09599310885968813 0.158824961931484
0.4 2.7 9.700000000000001 -0.23212879051524585 0.09599310885968813 0.158824961931484
0.4 2.7 9.700000000000001 -0.23212879051524585 0.09599310885968813 0.158824961931484
0.4 2.7 9.700000000000001 -0.23212879051524585 0.09599310885968813 0.158824961931484
0.4 2.7 9.700000000000001 -0.23212879051524585 0.09599310885968813 0.158824961931484
0.4 2.7 9.700000000000001 -0.23212879051524585 0.09599310885968813 0.158824961931484
0.4 2.7 9.700000000000001 -0.23212879051524585 0.09599310885968813 0.158824961931484
0.4 2.7 9.700000000000001 -0.23212879051524585 0.09599310885968813 0.158824961931484
0.4 2.7 9.700000000000001 -0.23212879051524585 0.09599310885968813 0.158824961931484
0.4 2.7 9.700000000000001 -0.23212879051524585 0.09599310885968813 0.158824961931484
0.4 2.7 9.700000000000001 -0.23212879051524585 0.09599310885968813 0.158824961931484
0.4 2.7 9.700000000000001 -0.23212879051524585 0.09599310885968813 0.158824961931484
0.4 2.7 9.700000000000001 -0.23212879051524585 0.09599310885968813 0.158824961931484
0.4 2.7 9.700000000000001 -0.23212879051524585 0.09599310885968813 0.158824961931484
0.4 2.7 9.700000000000001 -0.23212879051524585 0.09599310885968813 0.158824961931484
0.4 2.7 9.700000000000001 -0.23212879051524585 0.09599310885968813 0.158824961931484
0.4 2.7 9.700000000000001 -0.23212879051524585 0.09599310885968813 0.158824961931484
0.4 2.7 9.700000000000001 -0.23212879051524585 0.09599310885968813 0.158824961931484
0.4 2.7 9.700000000000001 -0.23212879051524585 0.09599310885968813 0.158824961931484
0.4 2.7 9.700000000000001 -0.23212879051524585 0.09599310885968813 0.158824961931484
0.4 2.7 9.700000000000001 -0.23212879051524585 0.09599310885968813 0.158824961931484
-0.8 3 9.200000000000001 0.17976891295541594 0 0.04188790204786391
-0.8 3 9.200000000000001 0.17976891295541594 0 0.04188790204786391
-0.8 3 9.200000000000001 0.17976891295541594 0 0.04188790204786391
-0.8 3 9.200000000000001 0.17976891295541594 0 0.04188790204786391
-0.8 3.2 9 0.13788101090755203 -0.03839724354387525 0.017453292519943295
-0.7000000000000001 3.5 9 0.04537856055185257 -0.013962634015954637 -0.013962634015954637
-0.7000000000000001 3.5 9 0.04537856055185257 -0.013962634015954637 -0.013962634015954637
-0.8 3.8000000000000003 9.1 -0.0645771823237902 -0.04188790204786391 -0.03490658503988659
-0.8 3.8000000000000003 9.1 -0.0645771823237902 -0.04188790204786391 -0.03490658503988659
-0.6000000000000001 3.2 9.200000000000001 -0.1361356816555577 0.005235987755982989 -0.005235987755982989
-0.6000000000000001 3.2 9.200000000000001 -0.1361356816555577 0.005235987755982989 -0.005235987755982989
-0.6000000000000001 3.2 9.200000000000001 -0.1361356816555577 0.005235987755982989 -0.005235987755982989
-0.9 3.3000000000000003 9.4 -0.11868238913561441 0.09250245035569947 -0.024434609527920613
-0.9 3.3000000000000003 9.4 -0.11868238913561441 0.09250245035569947 -0.024434609527920613
-0.8 3.2 9.3 -0.09250245035569947 0.03839724354387525 0.012217304763960306
-0.7000000000000001 3.3000000000000003 9.200000000000001 -0.11344640137963143 -0.006981317007977318 0
-0.7000000000000001 3.3000000000000003 9.200000000000001 -0.11344640137963143 -0.006981317007977318 0
-0.8 3.2 9 -0.15009831567151236 -0.017453292519943295 0.003490658503988659
-0.8 3.2 9 -0.15009831567151236 -0.017453292519943295 0.003490658503988659
-0.7000000000000001 3.2 8.8 -0.24085543677521748 -0.04188790204786391 0.008726646259971648
-0.7000000000000001 3.2 8.8 -0.24085543677521748 -0.04188790204786391 0.008726646259971648
-0.7000000000000001 3.2 8.8 -0.24085543677521748 -0.04188790204786391 0.008726646259971648
-0.5 3.1 9.1 -0.3298672286269283 -0.006981317007977318 0
-0.5 3.1 9.1 -0.3298672286269283 -0.006981317007977318 0
-0.6000000000000001 3 9.200000000000001 -0.3595378259108319 0.0471238898038469 -0.03839724354387525
-0.8 3 9.200000000000001 -0.40491638646268446 -0.003490658503988659 -0.06283185307179587
-0.8 3 9.200000000000001 -0.40491638646268446 -0.003490658503988659 -0.06283185307179587
-0.8 2.9000000000000004 9.200000000000001 -0.4223696789826278 0.031415926535897934 -0.048869219055841226
-0.8 2.9000000000000004 9.200000000000001 -0.4223696789826278 0.031415926535897934 -0.048869219055841226
-0.9 2.8000000000000003 8.9 -0.48694686130641796 0.03316125578789226 -0.08028514559173916
-0.9 2.8000000000000003 8.9 -0.48694686130641796 0.03316125578789226 -0.08028514559173916
-0.9 2.8000000000000003 8.9 -0.48694686130641796 0.03316125578789226 -0.08028514559173916
-0.9 2.7 9.200000000000001 -0.6562437987498679 -0.015707963267948967 -0.1117010721276371
-0.9 2.7 9.200000000000001 -0.6562437987498679 -0.015707963267948967 -0.1117010721276371
-0.8 2.4000000000000004 9.700000000000001 -0.6789330790257943 -0.029670597283903602 -0.09599310885968813
-0.8 2.3000000000000003 9.8 -0.5532693728822025 -0.10122909661567112 -0.11344640137963143
-0.8 2.3000000000000003 9.8 -0.5532693728822025 -0.10122909661567112 -0.11344640137963143
-0.8 2.3000000000000003 9.8 -0.5532693728822025 -0.10122909661567112 -0.11344640137963143
-0.8 2.3000000000000003 9.8 -0.5532693728822025 -0.10122909661567112 -0.11344640137963143
-0.6000000000000001 2.3000000000000003 9.700000000000001 -0.4642575810304917 -0.2670353755551324 -0.20943951023931956
-0.6000000000000001 2.3000000000000003 9.700000000000001 -0.4642575810304917 -0.2670353755551324 -0.20943951023931956
-0.6000000000000001 2.3000000000000003 9.700000000000001 -0.4642575810304917 -0.2670353755551324 -0.20943951023931956
-0.4 2 9.700000000000001 -0.43982297150257105 -0.2635447170511438 -0.31590459461097364
-0.4 2 9.700000000000001 -0.43982297150257105 -0.2635447170511438 -0.31590459461097364
-0.5 2.1 9.9 -0.43458698374658805 -0.23038346126325152 -0.4241150082346221
-0.5 2.1 9.9 -0.39269908169872414 -0.31066860685499065 -0.4904375198104066
-0.5 2.1 9.9 -0.39269908169872414 -0.31066860685499065 -0.4904375198104066
-0.4 1.8 9.700000000000001 -0.34557519189487723 -0.34557519189487723 -0.5550147021341968
-0.4 1.8 9.700000000000001 -0.34557519189487723 -0.34557519189487723 -0.5550147021341968
-0.7000000000000001 1.9000000000000001 9.8 -0.36302848441482055 -0.3403392041388943 -0.5672320068981571
-0.7000000000000001 1.9000000000000001 9.8 -0.36302848441482055 -0.3403392041388943 -0.5672320068981571
-0.7000000000000001 1.9000000000000001 9.8 -0.36302848441482055 -0.3403392041388943 -0.5672320068981571
-0.5 1.7000000000000002 10.4 -0.28099800957108706 -0.38571776469074687 -0.5009094953223726
-0.5 1.7000000000000002 10.4 -0.28099800957108706 -0.38571776469074687 -0.5009094953223726
-0.4 1.6 10.3 -0.05759586531581288 -0.3560471674068432 -0.48171087355043496
-0.4 1.6 10.3 -0.05759586531581288 -0.3560471674068432 -0.48171087355043496
-0.4 1.6 10.3 -0.05759586531581288 -0.3560471674068432 -0.48171087355043496
-0.2 2 10 0.10821041362364843 -0.2775073510670984 -0.4991641660703783
-0.2 2 10 0.10821041362364843 -0.2775073510670984 -0.4991641660703783
-0.2 2 10 0.10821041362364843 -0.2775073510670984 -0.4991641660703783
-0.1 1.9000000000000001 9.9 0.16057029118347832 -0.27052603405912107 -0.5201081170943103
-0.1 1.9000000000000001 9.9 0.16057029118347832 -0.27052603405912107 -0.5201081170943103
-0.4 2 9.8 0.19024088846738194 -0.4310963252425994 -0.5270894341022876
-0.4 2 9.8 0.19024088846738194 -0.4310963252425994 -0.5270894341022876
-0.4 1.7000000000000002 9.600000000000001 0.20420352248333656 -0.5410520681182421 -0.4310963252425994
-0.4 1.7000000000000002 9.600000000000001 0.20420352248333656 -0.5410520681182421 -0.4310963252425994
-0.4 1.7000000000000002 9.600000000000001 0.20420352248333656 -0.5410520681182421 -0.4310963252425994
-0.4 1.9000000000000001 9.700000000000001 0.12566370614359174 -0.5201081170943103 -0.32114058236695664
-0.4 1.9000000000000001 9.700000000000001 0.12566370614359174 -0.5201081170943103 -0.32114058236695664
-0.4 1.9000000000000001 9.9 0.1710422666954443 -0.34382986264288296 -0.158824961931484
0.1 1.8 9.9 0.2949606435870417 -0.08377580409572782 -0.048869219055841226
0.1 1.8 9.9 0.2949606435870417 -0.08377580409572782 -0.048869219055841226
0.1 1.7000000000000002 9.600000000000001 0.3508111796508602 -0.008726646259971648 -0.05235987755982989
0.1 1.7000000000000002 9.600000000000001 0.3508111796508602 -0.008726646259971648 -0.05235987755982989
0.1 1.8 9.5 0.2932153143350474 -0.09250245035569947 -0.0942477796076938
0.1 1.8 9.5 0.2932153143350474 -0.09250245035569947 -0.0942477796076938
0.1 1.8 9.5 0.2932153143350474 -0.09250245035569947 -0.0942477796076938
0 2.1 9.600000000000001 0.24958208303518914 -0.2059488517353309 -0.10646508437165411
0 2.1 9.600000000000001 0.24958208303518914 -0.2059488517353309 -0.10646508437165411
0.1 2.1 9.200000000000001 0.21991148575128552 -0.17278759594743862 -0.11344640137963143
-0.1 2.1 9.200000000000001 0.16580627893946132 -0.06632251157578452 -0.10297442586766545
-0.1 2.1 9.200000000000001 0.16580627893946132 -0.06632251157578452 -0.10297442586766545
-0.1 2 9.3 0.14835298641951802 -0.008726646259971648 -0.031415926535897934
-0.1 2 9.3 0.14835298641951802 -0.008726646259971648 -0.031415926535897934
-0.2 2.2 9.3 0.17453292519943295 0.0942477796076938 0.020943951023931956
-0.2 2.2 9.3 0.17453292519943295 0.0942477796076938 0.020943951023931956
-0.2 2.2 9.3 0.17453292519943295 0.0942477796076938 0.020943951023931956
0.1 2.3000000000000003 9.4 0.14486232791552936 0.010471975511965978 0.06981317007977318
0.1 2.3000000000000003 9.4 0.14486232791552936 0.010471975511965978 0.06981317007977318
0.1 2.3000000000000003 9.4 0.14486232791552936 0.010471975511965978 0.06981317007977318
0.30000000000000004 2.4000000000000004 9.3 0.17453292519943295 -0.05759586531581288 -0.005235987755982989
0.30000000000000004 2.4000000000000004 9.3 0.17453292519943295 -0.05759586531581288 -0.005235987755982989
0.1 2.4000000000000004 9.4 0.10122909661567112 -0.11519173063162576 -0.07853981633974483
0.1 2.4000000000000004 9.4 0.10122909661567112 -0.11519173063162576 -0.07853981633974483
-0.2 2.4000000000000004 9.4 0.10297442586766545 -0.06981317007977318 -0.06283185307179587
-0.2 2.4000000000000004 9.4 0.10297442586766545 -0.06981317007977318 -0.06283185307179587
-0.2 2.4000000000000004 9.4 0.10297442586766545 -0.06981317007977318 -0.06283185307179587
0 2.5 9.4 0.1117010721276371 -0.05585053606381855 0.017453292519943295
0 2.5 9.4 0.1117010721276371 -0.05585053606381855 0.017453292519943295
0.30000000000000004 2.5 9.4 0.10646508437165411 -0.04363323129985824 0.022689280275926284
0.2 2.5 9.5 0.07330382858376185 0.022689280275926284 -0.03316125578789226
0.2 2.5 9.5 0.07330382858376185 0.022689280275926284 -0.03316125578789226
0 2.6 9.8 0.059341194567807204 -0.048869219055841226 -0.04363323129985824
0 2.6 9.8 0.059341194567807204 -0.048869219055841226 -0.04363323129985824
0 2.4000000000000004 9.600000000000001 0.11344640137963143 -0.13439035240356337 -0.029670597283903602
0 2.4000000000000004 9.600000000000001 0.11344640137963143 -0.13439035240356337 -0.029670597283903602
0 2.4000000000000004 9.600000000000001 0.11344640137963143 -0.13439035240356337 -0.029670597283903602
-0.1 2.6 9.4 0.12217304763960307 -0.03490658503988659 0.019198621771937624
-0.1 2.6 9.4 0.12217304763960307 -0.03490658503988659 0.019198621771937624
0.1 2.5 9.4 0.09250245035569947 0.0645771823237902 0.08377580409572782
0.30000000000000004 2.5 9.4 0.03316125578789226 0.006981317007977318 0.06632251157578452
0.30000000000000004 2.5 9.4 0.03316125578789226 0.006981317007977318 0.06632251157578452
0.2 2.6 9.8 0.04363323129985824 -0.054105206811824215 -0.0017453292519943296
0.2 2.6 9.8 0.04363323129985824 -0.054105206811824215 -0.0017453292519943296
0.1 2.8000000000000003 9.600000000000001 0.08377580409572782 -0.10471975511965978 -0.010471975511965978
0.1 2.8000000000000003 9.600000000000001 0.08377580409572782 -0.10471975511965978 -0.010471975511965978
0.1 2.8000000000000003 9.600000000000001 0.08377580409572782 -0.10471975511965978 -0.010471975511965978
0.4 2.5 9.4 0.061086523819801536 -0.07853981633974483 0.003490658503988659
0.4 2.5 9.4 0.061086523819801536 -0.07853981633974483 0.003490658503988659
0.30000000000000004 2.5 9.5 0.04188790204786391 0.005235987755982989 -0.04188790204786391
0.1 2.7 9.700000000000001 0.03839724354387525 0.03665191429188092 -0.04188790204786391
0.1 2.7 9.700000000000001 0.03839724354387525 0.03665191429188092 -0.04188790204786391
0.1 2.7 9.700000000000001 0.03839724354387525 0.03665191429188092 -0.04188790204786391
0.1 2.7 9.700000000000001 0.03839724354387525 0.03665191429188092 -0.04188790204786391
-0.5 2.8000000000000003 10.200000000000001 0.3368485456349056 0.09948376736367678 -0.05585053606381855
-0.5 2.8000000000000003 10.200000000000001 0.3368485456349056 0.09948376736367678 -0.05585053606381855
-0.5 2.8000000000000003 10.200000000000001 0.3368485456349056 0.09948376736367678 -0.05585053606381855
0.1 2.6 9.600000000000001 0.29670597283903605 -0.21991148575128552 0.06283185307179587
0.1 2.6 9.600000000000001 0.29670597283903605 -0.21991148575128552 0.06283185307179587
0.1 2.6 9.600000000000001 0.29670597283903605 -0.21991148575128552 0.06283185307179587
-0.30000000000000004 2.7 9.200000000000001 0.4642575810304917 -0.22863813201125718 0.0471238898038469
-0.30000000000000004 2.7 9.200000000000001 0.4642575810304917 -0.22863813201125718 0.0471238898038469
-0.5 2.7 8.1 0.3892084231947355 -0.35255650890285456 0.11868238913561441
-0.5 2.7 8.1 0.3892084231947355 -0.35255650890285456 0.11868238913561441
-0.5 2.7 8.1 0.3892084231947355 -0.35255650890285456 0.11868238913561441
-0.30000000000000004 3 7.9 0.1239183768915974 -0.153588974175501 0.2775073510670984
-0.30000000000000004 3 7.9 0.1239183768915974 -0.153588974175501 0.2775073510670984
0.30000000000000004 3.2 8.6 -0.10995574287564276 0.2949606435870417 0.4991641660703783
0.30000000000000004 3.2 8.6 -0.10995574287564276 0.2949606435870417 0.4991641660703783
0.30000000000000004 3.2 8.6 -0.10995574287564276 0.2949606435870417 0.4991641660703783
0.30000000000000004 3.2 8.6 -0.10995574287564276 0.2949606435870417 0.4991641660703783
0.30000000000000004 3.2 8.6 -0.10995574287564276 0.2949606435870417 0.4991641660703783
0.30000000000000004 3.2 8.6 -0.10995574287564276 0.2949606435870417 0.4991641660703783
0.30000000000000004 3.2 8.6 -0.10995574287564276 0.2949606435870417 0.4991641660703783
0.30000000000000004 3.2 8.6 -0.10995574287564276 0.2949606435870417 0.4991641660703783
0.30000000000000004 3.2 8.6 -0.10995574287564276 0.2949606435870417 0.4991641660703783
0.30000000000000004 3.2 8.6 -0.10995574287564276 0.2949606435870417 0.4991641660703783
0.30000000000000004 3.2 8.6 -0.10995574287564276 0.2949606435870417 0.4991641660703783
0.30000000000000004 3.2 8.6 -0.10995574287564276 0.2949606435870417 0.4991641660703783
0.30000000000000004 3.2 8.6 -0.10995574287564276 0.2949606435870417 0.4991641660703783
0.30000000000000004 3.2 8.6 -0.10995574287564276 0.2949606435870417 0.4991641660703783
0.30000000000000004 3.2 8.6 -0.10995574287564276 0.2949606435870417 0.4991641660703783
0.30000000000000004 3.2 8.6 -0.10995574287564276 0.2949606435870417 0.4991641660703783
0.30000000000000004 3.2 8.6 -0.10995574287564276 0.2949606435870417 0.4991641660703783
0.30000000000000004 3.2 8.6 -0.10995574287564276 0.2949606435870417 0.4991641660703783
0.30000000000000004 3.2 8.6 -0.10995574287564276 0.2949606435870417 0.4991641660703783
0.30000000000000004 3.2 8.6 -0.10995574287564276 0.2949606435870417 0.4991641660703783
0.30000000000000004 3.2 8.6 -0.10995574287564276 0.2949606435870417 0.4991641660703783
0.30000000000000004 3.2 8.6 -0.10995574287564276 0.2949606435870417 0.4991641660703783
0.30000000000000004 3.2 8.6 -0.10995574287564276 0.2949606435870417 0.4991641660703783
0.30000000000000004 3.2 8.6 -0.10995574287564276 0.2949606435870417 0.4991641660703783
0.30000000000000004 3.2 8.6 -0.10995574287564276 0.2949606435870417 0.4991641660703783
0.30000000000000004 3.2 8.6 -0.10995574287564276 0.2949606435870417 0.4991641660703783
0.30000000000000004 3.2 8.6 -0.10995574287564276 0.2949606435870417 0.4991641660703783
0.30000000000000004 3.2 8.6 -0.10995574287564276 0.2949606435870417 0.4991641660703783
0.30000000000000004 3.2 8.6 -0.10995574287564276 0.2949606435870417 0.4991641660703783
0.30000000000000004 3.2 8.6 -0.10995574287564276 0.2949606435870417 0.4991641660703783
0.30000000000000004 3.2 8.6 -0.10995574287564276 0.2949606435870417 0.4991641660703783
0.30000000000000004 3.2 8.6 -0.10995574287564276 0.2949606435870417 0.4991641660703783
0.30000000000000004 3.2 8.6 -0.10995574287564276 0.2949606435870417 0.4991641660703783
0.30000000000000004 3.2 8.6 -0.10995574287564276 0.2949606435870417 0.4991641660703783
0.30000000000000004 3.2 8.6 -0.10995574287564276 0.2949606435870417 0.4991641660703783
0.30000000000000004 3.2 8.6 -0.10995574287564276 0.2949606435870417 0.4991641660703783
0.30000000000000004 3.2 8.6 -0.10995574287564276 0.2949606435870417 0.4991641660703783
0.30000000000000004 3.2 8.6 -0.10995574287564276 0.2949606435870417 0.4991641660703783
0.30000000000000004 3.2 8.6 -0.10995574287564276 0.2949606435870417 0.4991641660703783
0.30000000000000004 3.2 8.6 -0.10995574287564276 0.2949606435870417 0.4991641660703783
0.30000000000000004 3.2 8.6 -0.10995574287564276 0.2949606435870417 0.4991641660703783
0.30000000000000004 3.2 8.6 -0.10995574287564276 0.2949606435870417 0.4991641660703783
