3.9000000000000004 0.2 -10.100000000000001 1.2461650859239513 -1.260127719939906 0.9738937226128359
3.9000000000000004 0.2 -10.100000000000001 1.2461650859239513 -1.260127719939906 0.9738937226128359
3.9000000000000004 0.2 -10.100000000000001 1.2461650859239513 -1.260127719939906 0.9738937226128359
3.9000000000000004 0.2 -10.100000000000001 1.2461650859239513 -1.260127719939906 0.9738937226128359
3.9000000000000004 0.2 -10.100000000000001 1.2461650859239513 -1.260127719939906 0.9738937226128359
3.9000000000000004 0.2 -10.100000000000001 1.2461650859239513 -1.260127719939906 0.9738937226128359
3.9000000000000004 0.2 -10.100000000000001 1.2461650859239513 -1.260127719939906 0.9738937226128359
3.9000000000000004 0.2 -10.100000000000001 1.2461650859239513 -1.260127719939906 0.9738937226128359
3.9000000000000004 0.2 -10.100000000000001 1.2461650859239513 -1.260127719939906 0.9738937226128359
3.9000000000000004 0.2 -10.100000000000001 1.2461650859239513 -1.260127719939906 0.9738937226128359
3.9000000000000004 0.2 -10.100000000000001 1.2461650859239513 -1.260127719939906 0.9738937226128359
3.9000000000000004 0.2 -10.100000000000001 1.2461650859239513 -1.260127719939906 0.9738937226128359
3.9000000000000004 0.2 -10.100000000000001 1.2461650859239513 -1.260127719939906 0.9738937226128359
3.9000000000000004 0.2 -10.100000000000001 1.2461650859239513 -1.260127719939906 0.9738937226128359
3.9000000000000004 0.2 -10.100000000000001 1.2461650859239513 -1.260127719939906 0.9738937226128359
3.9000000000000004 0.2 -10.100000000000001 1.2461650859239513 -1.260127719939906 0.9738937226128359
3.9000000000000004 0.2 -10.100000000000001 1.2461650859239513 -1.260127719939906 0.9738937226128359
3.9000000000000004 0.2 -10.100000000000001 1.2461650859239513 -1.260127719939906 0.9738937226128359
3.9000000000000004 0.2 -10.100000000000001 1.2461650859239513 -1.260127719939906 0.9738937226128359
3.9000000000000004 0.2 -10.100000000000001 1.2461650859239513 -1.260127719939906 0.9738937226128359
3.9000000000000004 0.2 -10.100000000000001 1.2461650859239513 -1.260127719939906 0.9738937226128359
3.9000000000000004 0.2 -10.100000000000001 1.2461650859239513 -1.260127719939906 0.9738937226128359
3.9000000000000004 0.2 -10.100000000000001 1.2461650859239513 -1.260127719939906 0.9738937226128359
3.9000000000000004 0.2 -10.100000000000001 1.2461650859239513 -1.260127719939906 0.9738937226128359
3.9000000000000004 0.2 -10.100000000000001 0.026179938779914945 -0.027925268031909273 0.16755160819145565
1.1 6.7 7.6000000000000005 0.08377580409572782 -0.05585053606381855 0.16580627893946132
1.1 6.7 7.6000000000000005 0.08377580409572782 -0.05585053606381855 0.16580627893946132
1.1 6.7 7.6000000000000005 0.08377580409572782 -0.05585053606381855 0.16580627893946132
0.8 6.7 6.9 0.2722713633111154 -0.24609142453120048 0.10821041362364843
0.8 6.7 6.9 0.2722713633111154 -0.24609142453120048 0.10821041362364843
1.1 7 6.2 0.20943951023931956 -0.39793506945470714 0.11868238913561441
1.1 7 6.2 0.20943951023931956 -0.39793506945470714 0.11868238913561441
1.1 6.9 6.9 0.0942477796076938 -0.3543018381548489 0.13089969389957473
1.2000000000000002 7.2 7.800000000000001 0.13439035240356337 -0.32812189937493397 0.2111848394913139
1.2000000000000002 7.2 7.800000000000001 0.13439035240356337 -0.32812189937493397 0.2111848394913139
1.7000000000000002 7 7.4 0.2827433388230814 -0.33161255787892263 0.25656340004316647
1.7000000000000002 7 7.4 0.2827433388230814 -0.33161255787892263 0.25656340004316647
1.5 6.5 6.800000000000001 0.38048177693476387 -0.12042771838760874 0.20245819323134223
1.5 6.5 6.800000000000001 0.38048177693476387 -0.12042771838760874 0.20245819323134223
1.5 6.5 6.800000000000001 0.38048177693476387 -0.12042771838760874 0.20245819323134223
1.3 6.300000000000001 6.5 0.4276056667386107 0.07504915783575618 0.21642082724729686
1.3 6.300000000000001 6.5 0.4276056667386107 0.07504915783575618 0.21642082724729686
1.3 6.300000000000001 6.5 0.4276056667386107 0.07504915783575618 0.21642082724729686
1.3 6.300000000000001 6.5 0.4276056667386107 0.07504915783575618 0.21642082724729686
1.3 6.300000000000001 6.5 0.4276056667386107 0.07504915783575618 0.21642082724729686
1 6.4 3.4000000000000004 -0.19373154697137057 0.36302848441482055 0.7295476273336298
1 6.4 3.4000000000000004 -0.19373154697137057 0.36302848441482055 0.7295476273336298
1.1 7.1000000000000005 4.4 -0.9634217471008699 0.6422811647339133 0.8569566627292158
1.1 7.1000000000000005 4.4 -0.9634217471008699 0.6422811647339133 0.8569566627292158
1.1 7.1000000000000005 4.4 -0.9634217471008699 0.6422811647339133 0.8569566627292158
1.8 6.800000000000001 5.1000000000000005 -1.9163715186897738 1.101302758008422 0.7504915783575618
1.8 6.800000000000001 5.1000000000000005 -1.9163715186897738 1.101302758008422 0.7504915783575618
1.3 4.800000000000001 6.9 -2.3544491609403506 1.8867009214058703 0.6108652381980153
-1 5.5 10.5 -2.1205750411731104 2.8291787174828085 0.23038346126325152
-1 5.5 10.5 -2.1205750411731104 2.8291787174828085 0.23038346126325152
-1 5.5 10.5 -2.1205750411731104 2.8291787174828085 0.23038346126325152
-1 5.5 10.5 -2.1205750411731104 2.8291787174828085 0.23038346126325152
-0.2 4.4 10.700000000000001 -1.3194689145077132 3.1747539093776855 0.3001966313430247
-0.6000000000000001 4.5 8.5 -0.9267698328089891 2.6249751949994717 0.024434609527920613
-0.6000000000000001 4.5 8.5 -0.9267698328089891 2.6249751949994717 0.024434609527920613
-1.3 4.5 8.3 -0.7976154681614086 1.6545721308906245 -0.2949606435870417
-1.3 4.5 8.3 -0.7976154681614086 1.6545721308906245 -0.2949606435870417
-0.9 4.5 10.200000000000001 -0.6387905062299246 0.13264502315156904 -0.6824237375297829
-1.5 4.3 12.700000000000001 -0.04537856055185257 -1.303760951239764 -0.9040805525330627
-1.5 4.3 12.700000000000001 -0.04537856055185257 -1.303760951239764 -0.9040805525330627
-1.5 4.3 12.700000000000001 -0.04537856055185257 -1.303760951239764 -0.9040805525330627
-1.5 4.3 12.700000000000001 -0.04537856055185257 -1.303760951239764 -0.9040805525330627
-1 4.2 10.4 1.1449359893082802 -1.7348572764823635 -0.7086036763096978
-0.2 3.9000000000000004 6.6000000000000005 1.3718287920675432 -1.6022122533307945 -0.7766715171374766
-0.2 3.9000000000000004 6.6000000000000005 1.3718287920675432 -1.6022122533307945 -0.7766715171374766
-0.1 4.9 5.6000000000000005 0.48694686130641796 -0.42062434973063345 -0.6841690667817772
-0.1 4.9 5.6000000000000005 0.48694686130641796 -0.42062434973063345 -0.6841690667817772
-0.30000000000000004 5.5 6.2 -0.30543261909900765 0.7260569688296411 -0.35779249665883756
-0.30000000000000004 5 8.200000000000001 -0.9686577348568529 1.106538745764405 -0.14311699866353503
-0.30000000000000004 5 8.200000000000001 -0.9686577348568529 1.106538745764405 -0.14311699866353503
-0.30000000000000004 5 8.200000000000001 -0.9686577348568529 1.106538745764405 -0.14311699866353503
-0.30000000000000004 5 8.200000000000001 -0.9686577348568529 1.106538745764405 -0.14311699866353503
0 5.1000000000000005 10.200000000000001 -1.0314895879286488 0.41538836197465046 -0.19024088846738194
-0.2 5.1000000000000005 12.600000000000001 -0.4939281783143953 -0.7330382858376184 -0.4223696789826278
-0.2 5.1000000000000005 12.600000000000001 -0.4939281783143953 -0.7330382858376184 -0.4223696789826278
-1.4000000000000001 5.2 13.4 0.5619960191421741 -2.0210912738094335 -0.5148721293383273
-1.4000000000000001 5.2 13.4 0.5619960191421741 -2.0210912738094335 -0.5148721293383273
-1.5 6 11.600000000000001 1.6493361431346414 -2.7454029133870805 -0.3246312408709453
-1.5 6 11.600000000000001 1.6493361431346414 -2.7454029133870805 -0.3246312408709453
-1.5 6 11.600000000000001 1.6493361431346414 -2.7454029133870805 -0.3246312408709453
0.1 5.9 10.100000000000001 2.049016541841343 -2.2008601867648494 -0.059341194567807204
0.1 5.9 10.100000000000001 2.049016541841343 -2.2008601867648494 -0.059341194567807204
1.3 5.6000000000000005 9.600000000000001 2.1432643214490366 -2.0664698343612864 0.13439035240356337
1.2000000000000002 5.800000000000001 6.5 2.5028021473598687 -2.1258110289290935 -0.015707963267948967
1.2000000000000002 5.800000000000001 6.5 2.5028021473598687 -2.1258110289290935 -0.015707963267948967
1.6 5.800000000000001 4.9 2.2514747350726854 -1.9582594207376378 0
1.6 5.800000000000001 4.9 2.2514747350726854 -1.9582594207376378 0
2.7 6.2 4 1.7662732030182615 -1.171115928088195 -0.0017453292519943296
2.7 6.2 4 1.7662732030182615 -1.171115928088195 -0.0017453292519943296
2.7 6.2 4 1.7662732030182615 -1.171115928088195 -0.0017453292519943296
3.5 6.6000000000000005 4.4 1.1938052083641215 -0.312413936106985 -0.1954768762233649
3.5 6.6000000000000005 4.4 1.1938052083641215 -0.312413936106985 -0.1954768762233649
3.6 6.7 5.5 0.7923794804054256 0.4171336912266448 -0.4782202150464463
3.1 6.4 6.800000000000001 0.6946410422937431 0.46251225177849736 -0.7103490055616921
3.1 6.4 6.800000000000001 0.6946410422937431 0.46251225177849736 -0.7103490055616921
2.8000000000000003 6.5 7 0.8918632477691024 -0.09599310885968813 -1.038470904936626
2.8000000000000003 6.5 7 0.8918632477691024 -0.09599310885968813 -1.038470904936626
1.9000000000000001 7.2 5.9 1.0943214410004447 -0.11519173063162576 -1.2426744274199626
1.9000000000000001 7.2 5.9 1.0943214410004447 -0.11519173063162576 -1.2426744274199626
1.9000000000000001 7.2 5.9 1.0943214410004447 -0.11519173063162576 -1.2426744274199626
0.4 8 5.2 1.0890854532444616 0.5201081170943103 -1.2636183784438946
0.4 8 5.2 1.0890854532444616 0.5201081170943103 -1.2636183784438946
-1 8.6 5.4 1.090830782496456 0.6056292504420324 -1.1484266478122689
-2.3000000000000003 9.9 5.4 1.2217304763960306 0.23736477827122882 -0.8150687606813519
-2.3000000000000003 9.9 5.4 1.2217304763960306 0.23736477827122882 -0.8150687606813519
-1.4000000000000001 7.800000000000001 4.9 1.4451326206513049 -0.16406094968746698 -0.3001966313430247
-1.4000000000000001 7.800000000000001 4.9 1.4451326206513049 -0.16406094968746698 -0.3001966313430247
-1.3 8.5 3.6 1.3543754995475998 -0.24958208303518914 -0.06283185307179587
-1.3 8.5 3.6 1.3543754995475998 -0.24958208303518914 -0.06283185307179587
-1.3 8.5 3.6 1.3543754995475998 -0.24958208303518914 -0.06283185307179587
0.1 8.4 3.1 1.1030480872604163 0.1954768762233649 0.17627825445142728
0.1 8.4 3.1 1.1030480872604163 0.1954768762233649 0.17627825445142728
0.2 8.700000000000001 3.1 0.8307767239493009 0.2530727415391778 0.1710422666954443
0.6000000000000001 8.700000000000001 3.7 0.6370451769779303 0.15009831567151236 0.15707963267948966
0.6000000000000001 8.700000000000001 3.7 0.6370451769779303 0.15009831567151236 0.15707963267948966
0.6000000000000001 8.700000000000001 3.7 0.6370451769779303 0.15009831567151236 0.15707963267948966
0.6000000000000001 8.700000000000001 3.7 0.6370451769779303 0.15009831567151236 0.15707963267948966
0.9 8.700000000000001 4.6000000000000005 0.6457718232379019 0.015707963267948967 0.1239183768915974
0.9 8.700000000000001 4.4 0.8307767239493009 -0.06283185307179587 0.03316125578789226
0.9 8.700000000000001 4.4 0.8307767239493009 -0.06283185307179587 0.03316125578789226
0.8 8.9 3.9000000000000004 0.9651670763528643 -0.11344640137963143 -0.010471975511965978
0.8 8.9 3.9000000000000004 0.9651670763528643 -0.11344640137963143 -0.010471975511965978
0.8 9.1 3.6 1.0053096491487339 -0.17278759594743862 -0.06806784082777885
1.1 8.9 2.8000000000000003 0.9913470151327792 0.03316125578789226 -0.14311699866353503
1.1 8.9 2.8000000000000003 0.9913470151327792 0.03316125578789226 -0.14311699866353503
1.1 8.9 2.8000000000000003 0.9913470151327792 0.03316125578789226 -0.14311699866353503
1.4000000000000001 8.9 1.8 0.8918632477691024 0.33161255787892263 -0.2530727415391778
1.4000000000000001 8.9 1.8 0.8918632477691024 0.33161255787892263 -0.2530727415391778
0.5 9.5 3.1 0.6265732014659643 -0.07330382858376185 -0.3700098014227979
0.5 9.5 3.1 0.6265732014659643 -0.07330382858376185 -0.3700098014227979
0.5 9.5 3.1 0.6265732014659643 -0.07330382858376185 -0.3700098014227979
0.5 9.5 3.1 0.6265732014659643 -0.07330382858376185 -0.3700098014227979
0.5 9.5 3.1 0.6265732014659643 -0.07330382858376185 -0.3700098014227979
0.5 9.5 3.1 0.6265732014659643 -0.07330382858376185 -0.3700098014227979
0.4 9.200000000000001 2.8000000000000003 0.62482787221397 -0.2635447170511438 -0.3752457891787809
0.4 9.200000000000001 2.8000000000000003 0.62482787221397 -0.2635447170511438 -0.3752457891787809
0.4 9.200000000000001 2.8000000000000003 0.62482787221397 -0.2635447170511438 -0.3752457891787809
0.4 9.200000000000001 2.8000000000000003 0.62482787221397 -0.2635447170511438 -0.3752457891787809
0.6000000000000001 9.3 2.5 0.5846852994181004 -0.23911010752322315 -0.38397243543875254
0.6000000000000001 9.3 2.5 0.5846852994181004 -0.23911010752322315 -0.38397243543875254
0.6000000000000001 9.3 2.5 0.5846852994181004 -0.23911010752322315 -0.38397243543875254
0.6000000000000001 9.200000000000001 2.2 0.46251225177849736 -0.1518436449235067 -0.43982297150257105
0.6000000000000001 9.200000000000001 2.2 0.46251225177849736 -0.1518436449235067 -0.43982297150257105
0.6000000000000001 9.200000000000001 2.2 0.46251225177849736 -0.1518436449235067 -0.43982297150257105
0.6000000000000001 9.200000000000001 2.2 0.46251225177849736 -0.1518436449235067 -0.43982297150257105
0.6000000000000001 9.200000000000001 2.2 0.46251225177849736 -0.1518436449235067 -0.43982297150257105
0.6000000000000001 9.200000000000001 2.2 0.46251225177849736 -0.1518436449235067 -0.43982297150257105
0.6000000000000001 9.200000000000001 2.2 0.46251225177849736 -0.1518436449235067 -0.43982297150257105
-0.1 9.200000000000001 2.3000000000000003 0.32812189937493397 -0.012217304763960306 -0.4537856055185257
-0.1 9.200000000000001 2.3000000000000003 0.32812189937493397 -0.012217304763960306 -0.4537856055185257
-0.1 9.200000000000001 2.3000000000000003 0.32812189937493397 -0.012217304763960306 -0.4537856055185257
-0.30000000000000004 9.3 2.5 0.24609142453120048 -0.0471238898038469 -0.3909537524467298
-0.30000000000000004 9.3 2.5 0.24609142453120048 -0.0471238898038469 -0.3909537524467298
-0.30000000000000004 9.3 2.5 0.24609142453120048 -0.0471238898038469 -0.3909537524467298
0 9.200000000000001 2.4000000000000004 0.19896753472735357 -0.006981317007977318 -0.3543018381548489
0 9.200000000000001 2.4000000000000004 0.19896753472735357 -0.006981317007977318 -0.3543018381548489
0 9.200000000000001 2.4000000000000004 0.19896753472735357 -0.006981317007977318 -0.3543018381548489
-0.8 9.3 1.9000000000000001 0.1361356816555577 0.11868238913561441 -0.317649923862968
-0.8 9.3 1.9000000000000001 0.1361356816555577 0.11868238913561441 -0.317649923862968
-0.8 9.3 1.9000000000000001 0.1361356816555577 0.11868238913561441 -0.317649923862968
-0.8 9.3 1.9000000000000001 0.1361356816555577 0.11868238913561441 -0.317649923862968
-0.8 9.3 2 -0.010471975511965978 0.13264502315156904 -0.1832595714594046
-0.8 9.3 2 -0.010471975511965978 0.13264502315156904 -0.1832595714594046
-0.8 9.3 2 -0.010471975511965978 0.13264502315156904 -0.1832595714594046
-0.8 9.3 2 -0.010471975511965978 0.13264502315156904 -0.1832595714594046
-0.8 9.3 2 -0.010471975511965978 0.13264502315156904 -0.1832595714594046
-0.8 9.3 2 -0.010471975511965978 0.13264502315156904 -0.1832595714594046
-0.8 9.3 2 -0.010471975511965978 0.13264502315156904 -0.1832595714594046
-0.5 9.200000000000001 2.5 -0.09773843811168245 0.13439035240356337 -0.11344640137963143
-0.5 9.200000000000001 2.5 -0.09773843811168245 0.13439035240356337 -0.11344640137963143
-0.5 9.200000000000001 2.5 -0.09773843811168245 0.13439035240356337 -0.11344640137963143
-0.5 9.3 2.6 -0.09948376736367678 0.08552113334772216 -0.06806784082777885
-0.5 9.3 2.6 -0.09948376736367678 0.08552113334772216 -0.06806784082777885
-0.5 9.3 2.6 -0.09948376736367678 0.08552113334772216 -0.06806784082777885
-0.4 9.3 2.6 -0.09599310885968813 0.019198621771937624 -0.059341194567807204
-0.4 9.3 2.6 -0.09599310885968813 0.019198621771937624 -0.059341194567807204
-0.4 9.3 2.6 -0.09599310885968813 0.019198621771937624 -0.059341194567807204
-0.4 9.3 2.6 -0.09599310885968813 0.019198621771937624 -0.059341194567807204
-0.30000000000000004 9.3 2.8000000000000003 -0.11693705988362008 0.0890117918517108 -0.0471238898038469
-0.30000000000000004 9.3 2.8000000000000003 -0.11693705988362008 0.0890117918517108 -0.0471238898038469
-0.30000000000000004 9.3 2.8000000000000003 -0.11693705988362008 0.0890117918517108 -0.0471238898038469
-0.5 9.4 3.1 -0.09773843811168245 0.10297442586766545 -0.04014257279586958
-0.5 9.4 3.1 -0.09773843811168245 0.10297442586766545 -0.04014257279586958
-0.5 9.4 3.1 -0.09773843811168245 0.10297442586766545 -0.04014257279586958
-0.5 9.4 3.1 -0.09773843811168245 0.10297442586766545 -0.04014257279586958
-0.5 9.4 3.1 -0.09773843811168245 0.10297442586766545 -0.04014257279586958
-0.5 9.4 3.1 -0.09773843811168245 0.10297442586766545 -0.04014257279586958
-0.5 9.4 3.1 -0.09773843811168245 0.10297442586766545 -0.04014257279586958
-0.2 9.3 3.3000000000000003 -0.03490658503988659 0.03665191429188092 0.0017453292519943296
-0.2 9.3 3.3000000000000003 -0.03490658503988659 0.03665191429188092 0.0017453292519943296
-0.2 9.3 3.3000000000000003 -0.03490658503988659 0.03665191429188092 0.0017453292519943296
-0.1 9.3 3.4000000000000004 0.06806784082777885 -0.019198621771937624 -0.010471975511965978
-0.1 9.3 3.4000000000000004 0.06806784082777885 -0.019198621771937624 -0.010471975511965978
-0.1 9.3 3.4000000000000004 0.06806784082777885 -0.019198621771937624 -0.010471975511965978
-0.6000000000000001 9.4 2.6 0.13264502315156904 -0.03839724354387525 -0.017453292519943295
-0.6000000000000001 9.4 2.6 0.13264502315156904 -0.03839724354387525 -0.017453292519943295
-0.6000000000000001 9.4 2.6 0.13264502315156904 -0.03839724354387525 -0.017453292519943295
-0.6000000000000001 9.4 2.6 0.13264502315156904 -0.03839724354387525 -0.017453292519943295
-0.6000000000000001 9.4 2.3000000000000003 0.05235987755982989 0.04014257279586958 0.05759586531581288
-0.6000000000000001 9.4 2.3000000000000003 0.05235987755982989 0.04014257279586958 0.05759586531581288
-0.6000000000000001 9.4 2.3000000000000003 0.05235987755982989 0.04014257279586958 0.05759586531581288
-0.6000000000000001 9.4 2.3000000000000003 0.05235987755982989 0.04014257279586958 0.05759586531581288
-0.6000000000000001 9.4 2.3000000000000003 0.05235987755982989 0.04014257279586958 0.05759586531581288
-0.6000000000000001 9.4 2.3000000000000003 0.05235987755982989 0.04014257279586958 0.05759586531581288
-0.30000000000000004 9.4 2.8000000000000003 -0.026179938779914945 0.06632251157578452 0.06806784082777885
-0.30000000000000004 9.4 2.8000000000000003 -0.026179938779914945 0.06632251157578452 0.06806784082777885
-0.30000000000000004 9.4 2.8000000000000003 -0.026179938779914945 0.06632251157578452 0.06806784082777885
-0.30000000000000004 9.4 2.8000000000000003 -0.026179938779914945 0.06632251157578452 0.06806784082777885
0 9.4 3.1 -0.013962634015954637 0.0017453292519943296 0.03839724354387525
0 9.4 3.1 -0.013962634015954637 0.0017453292519943296 0.03839724354387525
0 9.4 3.1 -0.013962634015954637 0.0017453292519943296 0.03839724354387525
0 9.4 3.2 0.03839724354387525 0 -0.031415926535897934
0 9.4 3.2 0.03839724354387525 0 -0.031415926535897934
0 9.4 3.2 0.03839724354387525 0 -0.031415926535897934
-0.4 9.5 3.2 0.10297442586766545 0.022689280275926284 -0.059341194567807204
-0.4 9.5 3.2 0.10297442586766545 0.022689280275926284 -0.059341194567807204
-0.4 9.5 3.2 0.10297442586766545 0.022689280275926284 -0.059341194567807204
-0.4 9.5 3.2 0.10297442586766545 0.022689280275926284 -0.059341194567807204
-0.4 9.4 2.9000000000000004 0.14835298641951802 0.006981317007977318 -0.020943951023931956
-0.4 9.4 2.9000000000000004 0.14835298641951802 0.006981317007977318 -0.020943951023931956
-0.4 9.4 2.9000000000000004 0.14835298641951802 0.006981317007977318 -0.020943951023931956
-0.4 9.4 2.9000000000000004 0.14835298641951802 0.006981317007977318 -0.020943951023931956
-0.4 9.4 2.9000000000000004 0.14835298641951802 0.006981317007977318 -0.020943951023931956
-0.4 9.4 2.9000000000000004 0.14835298641951802 0.006981317007977318 -0.020943951023931956
-0.2 9.4 2.9000000000000004 0.14486232791552936 -0.005235987755982989 -0.024434609527920613
-0.2 9.4 2.9000000000000004 0.14486232791552936 -0.005235987755982989 -0.024434609527920613
-0.2 9.4 2.9000000000000004 0.14486232791552936 -0.005235987755982989 -0.024434609527920613
-0.2 9.4 2.9000000000000004 0.14486232791552936 -0.005235987755982989 -0.024434609527920613
0.1 9.3 3 0.14311699866353503 -0.05235987755982989 -0.06806784082777885
0.1 9.3 3 0.14311699866353503 -0.05235987755982989 -0.06806784082777885
0.1 9.3 3 0.14311699866353503 -0.05235987755982989 -0.06806784082777885
0.1 9.1 3.1 0.17627825445142728 -0.08028514559173916 -0.16057029118347832
0.1 9.1 3.1 0.17627825445142728 -0.08028514559173916 -0.16057029118347832
0.1 9.1 3.1 0.17627825445142728 -0.08028514559173916 -0.16057029118347832
-0.1 9.1 3 0.21642082724729686 -0.10821041362364843 -0.21467549799530253
-0.1 9.1 3 0.21642082724729686 -0.10821041362364843 -0.21467549799530253
-0.1 9.1 3 0.21642082724729686 -0.10821041362364843 -0.21467549799530253
-0.1 9.1 3 0.21642082724729686 -0.10821041362364843 -0.21467549799530253
-0.6000000000000001 9.3 2.4000000000000004 0.2181661564992912 -0.0767944870877505 -0.21293016874330822
-0.6000000000000001 9.3 2.4000000000000004 0.2181661564992912 -0.0767944870877505 -0.21293016874330822
-0.6000000000000001 9.3 2.4000000000000004 0.2181661564992912 -0.0767944870877505 -0.21293016874330822
-0.6000000000000001 9.3 2.4000000000000004 0.2181661564992912 -0.0767944870877505 -0.21293016874330822
-0.6000000000000001 9.3 2.4000000000000004 0.2181661564992912 -0.0767944870877505 -0.21293016874330822
-0.6000000000000001 9.3 2.4000000000000004 0.2181661564992912 -0.0767944870877505 -0.21293016874330822
-0.6000000000000001 9.200000000000001 2.5 0.17627825445142728 -0.04014257279586958 -0.17627825445142728
-0.6000000000000001 9.200000000000001 2.5 0.17627825445142728 -0.04014257279586958 -0.17627825445142728
-0.6000000000000001 9.200000000000001 2.5 0.17627825445142728 -0.04014257279586958 -0.17627825445142728
-0.6000000000000001 9.200000000000001 2.5 0.17627825445142728 -0.04014257279586958 -0.17627825445142728
-0.5 9.200000000000001 2.7 0.19024088846738194 -0.11344640137963143 -0.16057029118347832
-0.5 9.200000000000001 2.7 0.19024088846738194 -0.11344640137963143 -0.16057029118347832
-0.5 9.200000000000001 2.7 0.19024088846738194 -0.11344640137963143 -0.16057029118347832
-0.30000000000000004 9.3 2.4000000000000004 0.21991148575128552 -0.18151424220741028 -0.16755160819145565
-0.30000000000000004 9.3 2.4000000000000004 0.21991148575128552 -0.18151424220741028 -0.16755160819145565
-0.30000000000000004 9.3 2.4000000000000004 0.21991148575128552 -0.18151424220741028 -0.16755160819145565
-0.30000000000000004 9.3 2.4000000000000004 0.21293016874330822 -0.22863813201125718 -0.2111848394913139
-0.30000000000000004 9.3 2.4000000000000004 0.21293016874330822 -0.22863813201125718 -0.2111848394913139
-0.30000000000000004 9.3 2.4000000000000004 0.21293016874330822 -0.22863813201125718 -0.2111848394913139
-0.30000000000000004 9.3 2.4000000000000004 0.21293016874330822 -0.22863813201125718 -0.2111848394913139
-0.2 9.4 2.3000000000000003 0.21293016874330822 -0.22863813201125718 -0.2111848394913139
-0.2 9.4 2.3000000000000003 0.21293016874330822 -0.22863813201125718 -0.2111848394913139
-0.2 9.4 2.3000000000000003 0.21293016874330822 -0.22863813201125718 -0.2111848394913139
-0.8 9.600000000000001 1.8 0.14311699866353503 -0.16406094968746698 -0.24434609527920614
-0.8 9.600000000000001 1.8 0.14311699866353503 -0.16406094968746698 -0.24434609527920614
-0.8 9.600000000000001 1.8 0.14311699866353503 -0.16406094968746698 -0.24434609527920614
-1.2000000000000002 9.600000000000001 1.9000000000000001 0.020943951023931956 -0.04188790204786391 -0.17453292519943295
-1.2000000000000002 9.600000000000001 1.9000000000000001 0.020943951023931956 -0.04188790204786391 -0.17453292519943295
-1.2000000000000002 9.600000000000001 1.9000000000000001 0.020943951023931956 -0.04188790204786391 -0.17453292519943295
-1.2000000000000002 9.600000000000001 1.9000000000000001 0.020943951023931956 -0.04188790204786391 -0.17453292519943295
-0.8 9.5 2.1 -0.05585053606381855 -0.020943951023931956 -0.08726646259971647
-0.8 9.5 2.1 -0.05585053606381855 -0.020943951023931956 -0.08726646259971647
-0.8 9.5 2.1 -0.05585053606381855 -0.020943951023931956 -0.08726646259971647
-0.6000000000000001 9.5 2.3000000000000003 -0.048869219055841226 -0.012217304763960306 -0.0767944870877505
-0.6000000000000001 9.5 2.3000000000000003 -0.048869219055841226 -0.012217304763960306 -0.0767944870877505
-0.6000000000000001 9.5 2.3000000000000003 -0.048869219055841226 -0.012217304763960306 -0.0767944870877505
-0.6000000000000001 9.5 2.3000000000000003 -0.048869219055841226 -0.012217304763960306 -0.0767944870877505
-0.6000000000000001 9.5 2.3000000000000003 -0.048869219055841226 -0.012217304763960306 -0.0767944870877505
-0.6000000000000001 9.5 2.3000000000000003 -0.048869219055841226 -0.012217304763960306 -0.0767944870877505
-0.6000000000000001 9.5 2.3000000000000003 -0.048869219055841226 -0.012217304763960306 -0.0767944870877505
-1.1 9.600000000000001 2.4000000000000004 -0.022689280275926284 -0.07504915783575618 -0.06632251157578452
-1.1 9.600000000000001 2.4000000000000004 -0.022689280275926284 -0.07504915783575618 -0.06632251157578452
-1.1 9.600000000000001 2.4000000000000004 -0.022689280275926284 -0.07504915783575618 -0.06632251157578452
-0.6000000000000001 9.600000000000001 2.6 0.020943951023931956 -0.06806784082777885 -0.005235987755982989
-0.6000000000000001 9.600000000000001 2.6 0.020943951023931956 -0.06806784082777885 -0.005235987755982989
-0.6000000000000001 9.600000000000001 2.6 0.020943951023931956 -0.06806784082777885 -0.005235987755982989
-0.6000000000000001 9.700000000000001 2.3000000000000003 0.054105206811824215 -0.03665191429188092 0.010471975511965978
-0.6000000000000001 9.700000000000001 2.3000000000000003 0.054105206811824215 -0.03665191429188092 0.010471975511965978
-0.6000000000000001 9.700000000000001 2.3000000000000003 0.054105206811824215 -0.03665191429188092 0.010471975511965978
-0.6000000000000001 9.700000000000001 2.3000000000000003 0.054105206811824215 -0.03665191429188092 0.010471975511965978
-0.7000000000000001 9.600000000000001 2.3000000000000003 0.04014257279586958 -0.03665191429188092 0.03316125578789226
-0.7000000000000001 9.600000000000001 2.3000000000000003 0.04014257279586958 -0.03665191429188092 0.03316125578789226
-0.7000000000000001 9.600000000000001 2.3000000000000003 0.04014257279586958 -0.03665191429188092 0.03316125578789226
-0.4 9.600000000000001 2.4000000000000004 0.03839724354387525 -0.05061454830783556 0.04188790204786391
-0.4 9.600000000000001 2.4000000000000004 0.03839724354387525 -0.05061454830783556 0.04188790204786391
-0.4 9.600000000000001 2.4000000000000004 0.03839724354387525 -0.05061454830783556 0.04188790204786391
-0.4 9.600000000000001 2.4000000000000004 0.03839724354387525 -0.05061454830783556 0.04188790204786391
-0.4 9.600000000000001 2.4000000000000004 0.03839724354387525 -0.05061454830783556 0.04188790204786391
-0.4 9.600000000000001 2.4000000000000004 0.03839724354387525 -0.05061454830783556 0.04188790204786391
-0.4 9.600000000000001 2.4000000000000004 0.03839724354387525 -0.05061454830783556 0.04188790204786391
-0.5 9.5 2.5 0.03665191429188092 0.031415926535897934 0.03316125578789226
-0.5 9.5 2.5 0.03665191429188092 0.031415926535897934 0.03316125578789226
-0.5 9.5 2.5 0.03665191429188092 0.031415926535897934 0.03316125578789226
-0.6000000000000001 9.5 2.5 0.054105206811824215 0.019198621771937624 0.029670597283903602
-0.6000000000000001 9.5 2.5 0.054105206811824215 0.019198621771937624 0.029670597283903602
-0.6000000000000001 9.5 2.5 0.054105206811824215 0.019198621771937624 0.029670597283903602
-0.8 9.4 2.6 0.08203047484373349 0.0017453292519943296 0.05235987755982989
-0.8 9.4 2.6 0.08203047484373349 0.0017453292519943296 0.05235987755982989
-0.8 9.4 2.6 0.08203047484373349 0.0017453292519943296 0.05235987755982989
-0.8 9.4 2.6 0.08203047484373349 0.0017453292519943296 0.05235987755982989
-0.6000000000000001 9.3 2.5 0.10995574287564276 -0.012217304763960306 0.09599310885968813
-0.6000000000000001 9.3 2.5 0.10995574287564276 -0.012217304763960306 0.09599310885968813
-0.6000000000000001 9.3 2.5 0.10995574287564276 -0.012217304763960306 0.09599310885968813
-0.30000000000000004 9.3 2.2 0.10995574287564276 -0.017453292519943295 0.0767944870877505
-0.30000000000000004 9.3 2.2 0.10995574287564276 -0.017453292519943295 0.0767944870877505
-0.30000000000000004 9.3 2.2 0.10995574287564276 -0.017453292519943295 0.0767944870877505
-0.30000000000000004 9.3 2.2 0.10995574287564276 -0.017453292519943295 0.0767944870877505
-0.30000000000000004 9.3 2.2 0.10995574287564276 -0.017453292519943295 0.0767944870877505
-0.30000000000000004 9.3 2.2 0.10995574287564276 -0.017453292519943295 0.0767944870877505
-0.30000000000000004 9.3 2.2 0.10995574287564276 -0.017453292519943295 0.0767944870877505
-0.4 9.3 2.2 0.05759586531581288 0.012217304763960306 0.029670597283903602
-0.4 9.3 2.2 0.05759586531581288 0.012217304763960306 0.029670597283903602
-0.4 9.3 2.2 0.05759586531581288 0.012217304763960306 0.029670597283903602
-0.5 9.3 2.4000000000000004 0.031415926535897934 0.012217304763960306 0.005235987755982989
-0.5 9.3 2.4000000000000004 0.031415926535897934 0.012217304763960306 0.005235987755982989
-0.5 9.3 2.4000000000000004 0.031415926535897934 0.012217304763960306 0.005235987755982989
-0.8 9.3 2.5 0.026179938779914945 0.03839724354387525 0.022689280275926284
-0.8 9.3 2.5 0.026179938779914945 0.03839724354387525 0.022689280275926284
-0.8 9.3 2.5 0.026179938779914945 0.03839724354387525 0.022689280275926284
-0.8 9.3 2.5 0.026179938779914945 0.03839724354387525 0.022689280275926284
-0.6000000000000001 9.3 2.6 0.04363323129985824 0.026179938779914945 0.05061454830783556
-0.6000000000000001 9.3 2.6 0.04363323129985824 0.026179938779914945 0.05061454830783556
-0.6000000000000001 9.3 2.6 0.04363323129985824 0.026179938779914945 0.05061454830783556
-0.6000000000000001 9.3 2.6 0.04363323129985824 0.026179938779914945 0.05061454830783556
-0.6000000000000001 9.3 2.6 0.04363323129985824 0.026179938779914945 0.05061454830783556
-0.6000000000000001 9.3 2.6 0.04363323129985824 0.026179938779914945 0.05061454830783556
-0.4 9.200000000000001 2.5 0.0890117918517108 0.010471975511965978 0.027925268031909273
-0.4 9.200000000000001 2.5 0.0890117918517108 0.010471975511965978 0.027925268031909273
-0.4 9.200000000000001 2.5 0.0890117918517108 0.010471975511965978 0.027925268031909273
-0.4 9.200000000000001 2.5 0.0890117918517108 0.010471975511965978 0.027925268031909273
-0.8 9.3 1.9000000000000001 0.07853981633974483 -0.03839724354387525 0.0017453292519943296
-0.8 9.3 1.9000000000000001 0.07853981633974483 -0.03839724354387525 0.0017453292519943296
-0.8 9.3 1.9000000000000001 0.07853981633974483 -0.03839724354387525 0.0017453292519943296
-0.5 9.3 2.2 -0.003490658503988659 -0.003490658503988659 0.04014257279586958
-0.5 9.3 2.2 -0.003490658503988659 -0.003490658503988659 0.04014257279586958
-0.5 9.3 2.2 -0.003490658503988659 -0.003490658503988659 0.04014257279586958
-0.6000000000000001 9.4 2.4000000000000004 -0.020943951023931956 0.03316125578789226 0.022689280275926284
-0.6000000000000001 9.4 2.4000000000000004 -0.020943951023931956 0.03316125578789226 0.022689280275926284
-0.6000000000000001 9.4 2.4000000000000004 -0.020943951023931956 0.03316125578789226 0.022689280275926284
-0.6000000000000001 9.4 2.4000000000000004 -0.020943951023931956 0.03316125578789226 0.022689280275926284
-0.4 9.4 2.5 -0.005235987755982989 0.013962634015954637 0.03316125578789226
-0.4 9.4 2.5 -0.005235987755982989 0.013962634015954637 0.03316125578789226
-0.4 9.4 2.5 -0.005235987755982989 0.013962634015954637 0.03316125578789226
-0.4 9.4 2.5 -0.005235987755982989 0.013962634015954637 0.03316125578789226
-0.4 9.4 2.5 -0.005235987755982989 0.013962634015954637 0.03316125578789226
-0.4 9.4 2.5 -0.005235987755982989 0.013962634015954637 0.03316125578789226
-0.2 9.4 2.6 0.04537856055185257 -0.017453292519943295 -0.006981317007977318
-0.2 9.4 2.6 0.04537856055185257 -0.017453292519943295 -0.006981317007977318
-0.2 9.4 2.6 0.04537856055185257 -0.017453292519943295 -0.006981317007977318
-0.2 9.4 2.6 0.04537856055185257 -0.017453292519943295 -0.006981317007977318
-0.4 9.5 2.3000000000000003 0.08377580409572782 -0.06981317007977318 -0.06981317007977318
-0.4 9.5 2.3000000000000003 0.08377580409572782 -0.06981317007977318 -0.06981317007977318
-0.4 9.5 2.3000000000000003 0.08377580409572782 -0.06981317007977318 -0.06981317007977318
-0.8 9.5 2 0.04537856055185257 -0.03839724354387525 -0.06632251157578452
-0.8 9.5 2 0.04537856055185257 -0.03839724354387525 -0.06632251157578452
-0.8 9.5 2 0.04537856055185257 -0.03839724354387525 -0.06632251157578452
-0.7000000000000001 9.5 2.2 -0.0017453292519943296 0.005235987755982989 -0.015707963267948967
-0.7000000000000001 9.5 2.2 -0.0017453292519943296 0.005235987755982989 -0.015707963267948967
-0.7000000000000001 9.5 2.2 -0.0017453292519943296 0.005235987755982989 -0.015707963267948967
-0.7000000000000001 9.5 2.2 -0.0017453292519943296 0.005235987755982989 -0.015707963267948967
-0.2 9.5 2.3000000000000003 -0.0017453292519943296 0.005235987755982989 -0.017453292519943295
-0.2 9.5 2.3000000000000003 -0.0017453292519943296 0.005235987755982989 -0.017453292519943295
-0.2 9.5 2.3000000000000003 -0.0017453292519943296 0.005235987755982989 -0.017453292519943295
-0.2 9.5 2.3000000000000003 -0.0017453292519943296 0.005235987755982989 -0.017453292519943295
-0.2 9.5 2.3000000000000003 -0.0017453292519943296 0.005235987755982989 -0.017453292519943295
-0.2 9.5 2.3000000000000003 -0.0017453292519943296 0.005235987755982989 -0.017453292519943295
0 9.5 2.5 0.022689280275926284 -0.07155849933176751 -0.09773843811168245
0 9.5 2.5 0.022689280275926284 -0.07155849933176751 -0.09773843811168245
0 9.5 2.5 0.022689280275926284 -0.07155849933176751 -0.09773843811168245
0 9.5 2.5 0.022689280275926284 -0.07155849933176751 -0.09773843811168245
-0.30000000000000004 9.600000000000001 2.2 0.059341194567807204 -0.11519173063162576 -0.18151424220741028
-0.30000000000000004 9.600000000000001 2.2 0.059341194567807204 -0.11519173063162576 -0.18151424220741028
-0.30000000000000004 9.600000000000001 2.2 0.059341194567807204 -0.11519173063162576 -0.18151424220741028
-1 9.700000000000001 2.1 0.031415926535897934 -0.06632251157578452 -0.16057029118347832
-1 9.700000000000001 2.1 0.031415926535897934 -0.06632251157578452 -0.16057029118347832
-1 9.700000000000001 2.1 0.031415926535897934 -0.06632251157578452 -0.16057029118347832
-0.4 9.600000000000001 2.3000000000000003 0.012217304763960306 -0.04014257279586958 -0.10297442586766545
-0.4 9.600000000000001 2.3000000000000003 0.012217304763960306 -0.04014257279586958 -0.10297442586766545
-0.4 9.600000000000001 2.3000000000000003 0.012217304763960306 -0.04014257279586958 -0.10297442586766545
-0.4 9.600000000000001 2.3000000000000003 0.012217304763960306 -0.04014257279586958 -0.10297442586766545
-1 9.600000000000001 2 0.03839724354387525 -0.05759586531581288 -0.10821041362364843
-1 9.600000000000001 2 0.03839724354387525 -0.05759586531581288 -0.10821041362364843
-1 9.600000000000001 2 0.03839724354387525 -0.05759586531581288 -0.10821041362364843
-1 9.600000000000001 2 0.03839724354387525 -0.05759586531581288 -0.10821041362364843
-1 9.600000000000001 2 0.03839724354387525 -0.05759586531581288 -0.10821041362364843
-1 9.600000000000001 2 0.03839724354387525 -0.05759586531581288 -0.10821041362364843
-0.7000000000000001 9.5 2.2 0.024434609527920613 -0.0645771823237902 -0.03839724354387525
-0.7000000000000001 9.5 2.2 0.024434609527920613 -0.0645771823237902 -0.03839724354387525
-0.7000000000000001 9.5 2.2 0.024434609527920613 -0.0645771823237902 -0.03839724354387525
-0.7000000000000001 9.5 2.2 0.024434609527920613 -0.0645771823237902 -0.03839724354387525
-0.4 9.5 2.2 0.06283185307179587 -0.09599310885968813 -0.06981317007977318
-0.4 9.5 2.2 0.06283185307179587 -0.09599310885968813 -0.06981317007977318
-0.4 9.5 2.2 0.06283185307179587 -0.09599310885968813 -0.06981317007977318
-1 9.5 1.9000000000000001 0.019198621771937624 -0.031415926535897934 -0.07330382858376185
-1 9.5 1.9000000000000001 0.019198621771937624 -0.031415926535897934 -0.07330382858376185
-1 9.5 1.9000000000000001 0.019198621771937624 -0.031415926535897934 -0.07330382858376185
-1 9.5 1.9000000000000001 0.019198621771937624 -0.031415926535897934 -0.07330382858376185
-1 9.5 1.9000000000000001 0.019198621771937624 -0.031415926535897934 -0.07330382858376185
-1 9.5 1.9000000000000001 0.019198621771937624 -0.031415926535897934 -0.07330382858376185
-1 9.5 1.9000000000000001 0.019198621771937624 -0.031415926535897934 -0.07330382858376185
-0.6000000000000001 9.4 2.4000000000000004 -0.008726646259971648 0 -0.005235987755982989
-0.6000000000000001 9.4 2.4000000000000004 -0.008726646259971648 0 -0.005235987755982989
-0.6000000000000001 9.4 2.4000000000000004 -0.008726646259971648 0 -0.005235987755982989
-0.5 9.4 2.4000000000000004 0.04537856055185257 -0.017453292519943295 -0.03490658503988659
-0.5 9.4 2.4000000000000004 0.04537856055185257 -0.017453292519943295 -0.03490658503988659
-0.5 9.4 2.4000000000000004 0.04537856055185257 -0.017453292519943295 -0.03490658503988659
-0.30000000000000004 9.5 2.4000000000000004 0.0645771823237902 -0.05061454830783556 -0.08028514559173916
-0.30000000000000004 9.5 2.4000000000000004 0.0645771823237902 -0.05061454830783556 -0.08028514559173916
-0.30000000000000004 9.5 2.4000000000000004 0.0645771823237902 -0.05061454830783556 -0.08028514559173916
-0.30000000000000004 9.5 2.4000000000000004 0.0645771823237902 -0.05061454830783556 -0.08028514559173916
-0.4 9.600000000000001 2.5 0.08377580409572782 -0.07853981633974483 -0.13962634015954636
-0.4 9.600000000000001 2.5 0.08377580409572782 -0.07853981633974483 -0.13962634015954636
-0.4 9.600000000000001 2.5 0.08377580409572782 -0.07853981633974483 -0.13962634015954636
-0.5 9.600000000000001 2.3000000000000003 0.09599310885968813 -0.07155849933176751 -0.17627825445142728
-0.5 9.600000000000001 2.3000000000000003 0.09599310885968813 -0.07155849933176751 -0.17627825445142728
-0.5 9.600000000000001 2.3000000000000003 0.09599310885968813 -0.07155849933176751 -0.17627825445142728
-0.5 9.600000000000001 2.3000000000000003 0.09599310885968813 -0.07155849933176751 -0.17627825445142728
-0.5 9.600000000000001 2.3000000000000003 0.09599310885968813 -0.07155849933176751 -0.17627825445142728
-0.5 9.600000000000001 2.3000000000000003 0.09599310885968813 -0.07155849933176751 -0.17627825445142728
-0.5 9.600000000000001 2.3000000000000003 0.09599310885968813 -0.07155849933176751 -0.17627825445142728
-0.4 9.700000000000001 2.3000000000000003 0.0942477796076938 -0.0767944870877505 -0.23911010752322315
-0.4 9.700000000000001 2.3000000000000003 0.0942477796076938 -0.0767944870877505 -0.23911010752322315
-0.4 9.700000000000001 2.3000000000000003 0.0942477796076938 -0.0767944870877505 -0.23911010752322315
-0.30000000000000004 9.700000000000001 2.6 0.12217304763960307 -0.16406094968746698 -0.33335788713091696
-0.30000000000000004 9.700000000000001 2.6 0.12217304763960307 -0.16406094968746698 -0.33335788713091696
-0.30000000000000004 9.700000000000001 2.6 0.12217304763960307 -0.16406094968746698 -0.33335788713091696
-0.2 9.9 2.6 0.21991148575128552 -0.3717551306747922 -0.49218284906240095
-0.2 9.9 2.6 0.21991148575128552 -0.3717551306747922 -0.49218284906240095
-0.2 9.9 2.6 0.21991148575128552 -0.3717551306747922 -0.49218284906240095
-0.2 9.9 2.6 0.21991148575128552 -0.3717551306747922 -0.49218284906240095
-1.1 10.100000000000001 2.1 0.2792526803190927 -0.42062434973063345 -0.6283185307179586
-1.1 10.100000000000001 2.1 0.2792526803190927 -0.42062434973063345 -0.6283185307179586
-1.1 10.100000000000001 2.1 0.2792526803190927 -0.42062434973063345 -0.6283185307179586
-1.3 10.3 2.5 0.32637657012293964 -0.4415683007545654 -0.6806784082777886
-1.3 10.3 2.5 0.32637657012293964 -0.4415683007545654 -0.6806784082777886
-1.3 10.3 2.5 0.32637657012293964 -0.4415683007545654 -0.6806784082777886
-1.3 10.3 2.5 0.32637657012293964 -0.4415683007545654 -0.6806784082777886
-1.3 10.3 2.5 0.32637657012293964 -0.4415683007545654 -0.6806784082777886
-1.3 10.3 2.5 0.32637657012293964 -0.4415683007545654 -0.6806784082777886
-1.3 10.3 2.5 0.32637657012293964 -0.4415683007545654 -0.6806784082777886
-1.2000000000000002 10.9 2.7 0.5148721293383273 -0.619591884457987 -0.7923794804054256
-1.2000000000000002 10.9 2.7 0.5148721293383273 -0.619591884457987 -0.7923794804054256
-1.2000000000000002 10.9 2.7 0.5148721293383273 -0.619591884457987 -0.7923794804054256
-1.8 11.700000000000001 2.6 0.8237954069413236 -0.8709192967451704 -0.9843656981248019
-1.8 11.700000000000001 2.6 0.8237954069413236 -0.8709192967451704 -0.9843656981248019
-1.8 11.700000000000001 2.6 0.8237954069413236 -0.8709192967451704 -0.9843656981248019
-3.7 13.200000000000001 2.1 1.1571532940722404 -0.8429940287132612 -1.0559241974565694
-3.7 13.200000000000001 2.1 1.1571532940722404 -0.8429940287132612 -1.0559241974565694
-3.7 13.200000000000001 2.1 1.1571532940722404 -0.8429940287132612 -1.0559241974565694
-3.7 13.200000000000001 2.1 1.1571532940722404 -0.8429940287132612 -1.0559241974565694
-3.5 15 1.4000000000000001 1.556833692778942 -0.8482300164692442 -1.0402162341886205
-3.5 15 1.4000000000000001 1.556833692778942 -0.8482300164692442 -1.0402162341886205
-3.5 15 1.4000000000000001 1.556833692778942 -0.8482300164692442 -1.0402162341886205
-3.5 15 1.4000000000000001 1.7715091907742446 -0.8552113334772214 -1.1152653920243767
-3.5 15 1.4000000000000001 1.7715091907742446 -0.8552113334772214 -1.1152653920243767
-3.5 15 1.4000000000000001 1.7715091907742446 -0.8552113334772214 -1.1152653920243767
-3.3000000000000003 16.7 0.8 2.0036379812894904 -0.8901179185171081 -1.2688543661998777
-3.3000000000000003 16.7 0.8 2.0036379812894904 -0.8901179185171081 -1.2688543661998777
-3.3000000000000003 16.7 0.8 2.0036379812894904 -0.8901179185171081 -1.2688543661998777
-3.3000000000000003 16.7 0.8 2.0036379812894904 -0.8901179185171081 -1.2688543661998777
-4.5 18.3 -0.4 2.3265238929084413 -0.7644542123735164 -1.663298777150596
-4.5 18.3 -0.4 2.3265238929084413 -0.7644542123735164 -1.663298777150596
-4.5 18.3 -0.4 2.3265238929084413 -0.7644542123735164 -1.663298777150596
-5.7 19.900000000000002 0.4 2.593559268463574 -0.5305800926062761 -1.9826940302655585
-5.7 19.900000000000002 0.4 2.593559268463574 -0.5305800926062761 -1.9826940302655585
-5.7 19.900000000000002 0.4 2.593559268463574 -0.5305800926062761 -1.9826940302655585
-6.2 19.6 1.4000000000000001 3.202679177409595 -0.4433136300065597 -2.366666465704311
-6.2 19.6 1.4000000000000001 3.202679177409595 -0.4433136300065597 -2.366666465704311
-6.2 19.6 1.4000000000000001 3.202679177409595 -0.4433136300065597 -2.366666465704311
-6.2 19.6 1.4000000000000001 3.202679177409595 -0.4433136300065597 -2.366666465704311
-7.800000000000001 18 0.8 4.143411644234538 -0.7853981633974483 -2.73318560862312
-7.800000000000001 18 0.8 4.143411644234538 -0.7853981633974483 -2.73318560862312
-7.800000000000001 18 0.8 4.143411644234538 -0.7853981633974483 -2.73318560862312
-7.800000000000001 18 0.8 4.143411644234538 -0.7853981633974483 -2.73318560862312
-7.800000000000001 18 0.8 4.143411644234538 -0.7853981633974483 -2.73318560862312
-7.800000000000001 18 0.8 4.143411644234538 -0.7853981633974483 -2.73318560862312
-9.3 15.9 -3.1 4.738568919164605 -0.9459684545809266 -2.9740410453983377
-9.3 15.9 -3.1 4.738568919164605 -0.9459684545809266 -2.9740410453983377
-9.3 15.9 -3.1 4.738568919164605 -0.9459684545809266 -2.9740410453983377
-9.3 15.9 -3.1 4.738568919164605 -0.9459684545809266 -2.9740410453983377
-11.8 14.4 -4.6000000000000005 4.544837372193235 -0.773180858633488 -3.061307507998054
-11.8 14.4 -4.6000000000000005 4.544837372193235 -0.773180858633488 -3.061307507998054
-11.8 14.4 -4.6000000000000005 4.544837372193235 -0.773180858633488 -3.061307507998054
-13.700000000000001 13 -5.1000000000000005 4.066617157146788 -0.5218534463463046 -2.780309498426967
-13.700000000000001 13 -5.1000000000000005 4.066617157146788 -0.5218534463463046 -2.780309498426967
-13.700000000000001 13 -5.1000000000000005 4.066617157146788 -0.5218534463463046 -2.780309498426967
-10 11.5 -5.2 3.3405601883171467 -0.29670597283903605 -2.21307749152881
-10 11.5 -5.2 3.3405601883171467 -0.29670597283903605 -2.21307749152881
-10 11.5 -5.2 3.3405601883171467 -0.29670597283903605 -2.21307749152881
-10 11.5 -5.2 3.3405601883171467 -0.29670597283903605 -2.21307749152881
-10 11.5 -5.2 3.3405601883171467 -0.29670597283903605 -2.21307749152881
-10 11.5 -5.2 3.3405601883171467 -0.29670597283903605 -2.21307749152881
-10 11.5 -5.2 3.3405601883171467 -0.29670597283903605 -2.21307749152881
-6 9.9 -2.8000000000000003 2.5656340004316647 -0.27052603405912107 -2.150245638457014
-6 9.9 -2.8000000000000003 2.5656340004316647 -0.27052603405912107 -2.150245638457014
-6 9.9 -2.8000000000000003 2.5656340004316647 -0.27052603405912107 -2.150245638457014
-10 7.6000000000000005 1.1 2.0856684561332237 -0.33335788713091696 -1.932079481957723
-10 7.6000000000000005 1.1 2.0856684561332237 -0.33335788713091696 -1.932079481957723
-10 7.6000000000000005 1.1 2.0856684561332237 -0.33335788713091696 -1.932079481957723
-10 7.6000000000000005 1.1 2.0856684561332237 -0.33335788713091696 -1.932079481957723
-8 4.6000000000000005 3.1 2.2951079663725436 -0.466002910282486 -0.7470009198535731
-8 4.6000000000000005 3.1 2.2951079663725436 -0.466002910282486 -0.7470009198535731
-8 4.6000000000000005 3.1 2.2951079663725436 -0.466002910282486 -0.7470009198535731
-1 2.5 2.3000000000000003 2.672099084803319 -0.8796459430051421 0.27052603405912107
-1 2.5 2.3000000000000003 2.672099084803319 -0.8796459430051421 0.27052603405912107
-1 2.5 2.3000000000000003 2.672099084803319 -0.8796459430051421 0.27052603405912107
4.800000000000001 1.2000000000000002 1.1 2.710496328347194 -1.1414453308042916 0.6614797865058509
4.800000000000001 1.2000000000000002 1.1 2.710496328347194 -1.1414453308042916 0.6614797865058509
4.800000000000001 1.2000000000000002 1.1 2.710496328347194 -1.1414453308042916 0.6614797865058509
4.800000000000001 1.2000000000000002 1.1 2.710496328347194 -1.1414453308042916 0.6614797865058509
6.7 0.30000000000000004 -1 2.2706733568446227 -0.9913470151327792 0.5567600313861911
6.7 0.30000000000000004 -1 2.2706733568446227 -0.9913470151327792 0.5567600313861911
6.7 0.30000000000000004 -1 2.2706733568446227 -0.9913470151327792 0.5567600313861911
6.7 0.30000000000000004 -1 2.2706733568446227 -0.9913470151327792 0.5567600313861911
6.7 0.30000000000000004 -1 2.2706733568446227 -0.9913470151327792 0.5567600313861911
6.7 0.30000000000000004 -1 2.2706733568446227 -0.9913470151327792 0.5567600313861911
3.7 0 -0.5 1.4713125594312197 -0.5201081170943103 0.7470009198535731
3.7 0 -0.5 1.4713125594312197 -0.5201081170943103 0.7470009198535731
3.7 0 -0.5 1.4713125594312197 -0.5201081170943103 0.7470009198535731
3.7 0 -0.5 1.4713125594312197 -0.5201081170943103 0.7470009198535731
7.4 -1.3 1.5 1.1693705988362009 -0.0942477796076938 1.1536626355682518
7.4 -1.3 1.5 1.1693705988362009 -0.0942477796076938 1.1536626355682518
7.4 -1.3 1.5 1.1693705988362009 -0.0942477796076938 1.1536626355682518
8.4 -2 0.30000000000000004 1.1693705988362009 0.19896753472735357 0.6684611035138283
8.4 -2 0.30000000000000004 1.1693705988362009 0.19896753472735357 0.6684611035138283
8.4 -2 0.30000000000000004 1.1693705988362009 0.19896753472735357 0.6684611035138283
8.4 -2 0.30000000000000004 1.1693705988362009 0.19896753472735357 0.6684611035138283
8.4 -2 0.30000000000000004 1.1693705988362009 0.19896753472735357 0.6684611035138283
8.4 -2 0.30000000000000004 1.1693705988362009 0.19896753472735357 0.6684611035138283
8.4 -2 0.30000000000000004 1.1693705988362009 0.19896753472735357 0.6684611035138283
4.3 -2.3000000000000003 -1 0.9162978572970231 0.4956735075663896 0.017453292519943295
4.3 -2.3000000000000003 -1 0.9162978572970231 0.4956735075663896 0.017453292519943295
4.3 -2.3000000000000003 -1 0.9162978572970231 0.4956735075663896 0.017453292519943295
1.8 -2.7 -2.2 0.8011061266653973 0.4956735075663896 0.04363323129985824
1.8 -2.7 -2.2 0.8011061266653973 0.4956735075663896 0.04363323129985824
1.8 -2.7 -2.2 0.8011061266653973 0.4956735075663896 0.04363323129985824
1.5 -3.5 -3.8000000000000003 0.45553093477052004 0.7155849933176751 0.03839724354387525
1.5 -3.5 -3.8000000000000003 0.45553093477052004 0.7155849933176751 0.03839724354387525
1.5 -3.5 -3.8000000000000003 0.45553093477052004 0.7155849933176751 0.03839724354387525
1.5 -3.5 -3.8000000000000003 0.45553093477052004 0.7155849933176751 0.03839724354387525
1.1 -3.8000000000000003 -4.6000000000000005 -0.05585053606381855 1.0192722831646885 0.012217304763960306
1.1 -3.8000000000000003 -4.6000000000000005 -0.05585053606381855 1.0192722831646885 0.012217304763960306
1.1 -3.8000000000000003 -4.6000000000000005 -0.05585053606381855 1.0192722831646885 0.012217304763960306
2.1 -3.6 -3.7 -0.5131268000863329 1.0332349171806432 -0.09948376736367678
2.1 -3.6 -3.7 -0.5131268000863329 1.0332349171806432 -0.09948376736367678
2.1 -3.6 -3.7 -0.5131268000863329 1.0332349171806432 -0.09948376736367678
2.1 -3.6 -3.7 -0.5131268000863329 1.0332349171806432 -0.09948376736367678
2.1 -3.6 -3.7 -0.5131268000863329 1.0332349171806432 -0.09948376736367678
2.1 -3.6 -3.7 -0.5131268000863329 1.0332349171806432 -0.09948376736367678
2.1 -3.6 -3.7 -0.5131268000863329 1.0332349171806432 -0.09948376736367678
0.8 -3 -2.9000000000000004 -0.7347836150896128 0.9512044423369096 -0.2234021442552742
0.8 -3 -2.9000000000000004 -0.7347836150896128 0.9512044423369096 -0.2234021442552742
0.8 -3 -2.9000000000000004 -0.7347836150896128 0.9512044423369096 -0.2234021442552742
-0.2 -2.2 -2.9000000000000004 -0.8482300164692442 0.7470009198535731 -0.07853981633974483
-0.2 -2.2 -2.9000000000000004 -0.8482300164692442 0.7470009198535731 -0.07853981633974483
-0.2 -2.2 -2.9000000000000004 -0.8482300164692442 0.7470009198535731 -0.07853981633974483
-0.30000000000000004 -1.5 -3.7 -1.0035643198967394 0.6806784082777886 0.14835298641951802
-0.30000000000000004 -1.5 -3.7 -1.0035643198967394 0.6806784082777886 0.14835298641951802
-0.30000000000000004 -1.5 -3.7 -1.0035643198967394 0.6806784082777886 0.14835298641951802
-0.30000000000000004 -1.5 -3.7 -1.0035643198967394 0.6806784082777886 0.14835298641951802
-1.5 -0.7000000000000001 -4.2 -1.3648474750595658 0.7592182246175334 0.32637657012293964
-1.5 -0.7000000000000001 -4.2 -1.3648474750595658 0.7592182246175334 0.32637657012293964
-1.5 -0.7000000000000001 -4.2 -1.3648474750595658 0.7592182246175334 0.32637657012293964
-3.7 0.4 -4 -1.8657569703819383 0.5096361415823443 0.614355896702004
-3.7 0.4 -4 -1.8657569703819383 0.5096361415823443 0.614355896702004
-3.7 0.4 -4 -1.8657569703819383 0.5096361415823443 0.614355896702004
-3.7 0.4 -4 -1.8657569703819383 0.5096361415823443 0.614355896702004
-3.7 0.4 -4 -1.8657569703819383 0.5096361415823443 0.614355896702004
-3.7 0.4 -4 -1.8657569703819383 0.5096361415823443 0.614355896702004
-3.7 0.4 -4 -1.8657569703819383 0.5096361415823443 0.614355896702004
-4.5 2.2 -2.6 -2.113593724165133 0.5148721293383273 0.9965830028887622
-4.5 2.2 -2.6 -2.113593724165133 0.5148721293383273 0.9965830028887622
-4.5 2.2 -2.6 -2.113593724165133 0.5148721293383273 0.9965830028887622
-6.6000000000000005 4.5 -1.8 -2.1903882112528836 0.4852015320544236 1.1938052083641215
-6.6000000000000005 4.5 -1.8 -2.1903882112528836 0.4852015320544236 1.1938052083641215
-6.6000000000000005 4.5 -1.8 -2.1903882112528836 0.4852015320544236 1.1938052083641215
-9.600000000000001 7.5 -3.5 -2.254965393576674 0.32114058236695664 1.5009831567151235
-9.600000000000001 7.5 -3.5 -2.254965393576674 0.32114058236695664 1.5009831567151235
-9.600000000000001 7.5 -3.5 -2.254965393576674 0.32114058236695664 1.5009831567151235
-9.600000000000001 7.5 -3.5 -2.254965393576674 0.32114058236695664 1.5009831567151235
-9.600000000000001 7.5 -3.5 -2.254965393576674 0.32114058236695664 1.5009831567151235
-9.600000000000001 7.5 -3.5 -2.254965393576674 0.32114058236695664 1.5009831567151235
-9.600000000000001 7.5 -3.5 -2.254965393576674 0.32114058236695664 1.5009831567151235
-9.600000000000001 7.5 -3.5 -2.254965393576674 0.32114058236695664 1.5009831567151235
-7.4 11.4 -4.4 -2.9321531433504737 0.3351032163829113 1.99142067652553
-7.4 11.4 -4.4 -2.9321531433504737 0.3351032163829113 1.99142067652553
-7.4 11.4 -4.4 -2.9321531433504737 0.3351032163829113 1.99142067652553
-6.5 13.8 -4.7 -2.970550386894349 0.46251225177849736 1.9024088846738192
-6.5 13.8 -4.7 -2.970550386894349 0.46251225177849736 1.9024088846738192
