0.2 7.9 5.5 0.5567600313861911 -0.22689280275926285 0.19198621771937627
-0.6000000000000001 8.700000000000001 4 0.37350045992678654 -0.0890117918517108 0.12566370614359174
-0.6000000000000001 8.700000000000001 4 0.37350045992678654 -0.0890117918517108 0.12566370614359174
0.4 8.9 4.7 0.23212879051524585 -0.06632251157578452 0.11868238913561441
0.4 8.9 4.7 0.23212879051524585 -0.06632251157578452 0.11868238913561441
0.4 8.9 4.7 0.23212879051524585 -0.06632251157578452 0.11868238913561441
0.6000000000000001 9.1 4.3 0.24085543677521748 -0.048869219055841226 -0.05585053606381855
0.6000000000000001 9.1 4.3 0.24085543677521748 -0.048869219055841226 -0.05585053606381855
0.4 9.1 3.7 0.11868238913561441 -0.048869219055841226 -0.20769418098732523
0.4 9.1 3.7 0.019198621771937624 0.031415926535897934 -0.26179938779914946
0.4 9.1 3.7 0.019198621771937624 0.031415926535897934 -0.26179938779914946
-0.5 8.9 5 -0.18500490071139894 0.3001966313430247 -0.24958208303518914
-0.5 8.9 5 -0.18500490071139894 0.3001966313430247 -0.24958208303518914
-0.5 8.8 5.4 -0.005235987755982989 0.23561944901923448 -0.22514747350726852
-0.5 8.8 5.4 -0.005235987755982989 0.23561944901923448 -0.22514747350726852
-0.5 8.8 5.4 -0.005235987755982989 0.23561944901923448 -0.22514747350726852
-0.4 8.9 4.9 0.2007128639793479 0.006981317007977318 -0.22863813201125718
-0.4 8.9 4.9 0.2007128639793479 0.006981317007977318 -0.22863813201125718
-0.6000000000000001 8.8 4.4 0.2530727415391778 -0.12566370614359174 -0.2234021442552742
-0.2 8.9 4.2 0.14486232791552936 0.05061454830783556 -0.19024088846738194
-0.2 8.9 4.2 0.14486232791552936 0.05061454830783556 -0.19024088846738194
-0.2 8.9 4.2 0.06806784082777885 0.1413716694115407 -0.21293016874330822
-0.2 8.9 4.2 0.06806784082777885 0.1413716694115407 -0.21293016874330822
-0.9 9 5.5 -0.006981317007977318 0.11693705988362008 -0.21642082724729686
-0.9 9 5.5 -0.006981317007977318 0.11693705988362008 -0.21642082724729686
-0.9 9 5.5 -0.006981317007977318 0.11693705988362008 -0.21642082724729686
-1 9 5.300000000000001 0.17976891295541594 -0.0471238898038469 -0.12740903539558607
-1 9 5.300000000000001 0.17976891295541594 -0.0471238898038469 -0.12740903539558607
-0.6000000000000001 9 4.6000000000000005 0.30543261909900765 -0.19373154697137057 -0.08203047484373349
-0.8 9.1 3.9000000000000004 0.27052603405912107 -0.11519173063162576 -0.07155849933176751
-0.8 9.1 3.9000000000000004 0.27052603405912107 -0.11519173063162576 -0.07155849933176751
-0.4 9 4.3 0.12740903539558607 0.022689280275926284 -0.024434609527920613
-0.4 9 4.3 0.12740903539558607 0.022689280275926284 -0.024434609527920613
-0.4 8.8 4.6000000000000005 0.13089969389957473 0.0890117918517108 -0.07330382858376185
-0.4 8.8 4.6000000000000005 0.13089969389957473 0.0890117918517108 -0.07330382858376185
-0.4 8.8 4.6000000000000005 0.13089969389957473 0.0890117918517108 -0.07330382858376185
-0.9 8.8 4.5 0.20245819323134223 -0.031415926535897934 -0.10995574287564276
-0.9 8.8 4.5 0.20245819323134223 -0.031415926535897934 -0.10995574287564276
-0.9 8.700000000000001 4.1000000000000005 0.24085543677521748 -0.09075712110370514 -0.059341194567807204
-0.9 8.700000000000001 4.1000000000000005 0.24085543677521748 -0.09075712110370514 -0.059341194567807204
-0.9 8.700000000000001 4.1000000000000005 0.24085543677521748 -0.09075712110370514 -0.059341194567807204
-0.7000000000000001 8.6 4 0.19024088846738194 -0.020943951023931956 -0.024434609527920613
-0.7000000000000001 8.6 4 0.19024088846738194 -0.020943951023931956 -0.024434609527920613
-0.5 8.5 3.9000000000000004 0.1291543646475804 -0.015707963267948967 -0.029670597283903602
-0.4 8.5 3.9000000000000004 0.09599310885968813 -0.027925268031909273 -0.09773843811168245
-0.4 8.5 3.9000000000000004 0.09599310885968813 -0.027925268031909273 -0.09773843811168245
-0.8 8.4 4 0.04188790204786391 -0.0767944870877505 -0.13788101090755203
-0.8 8.4 4 0.04188790204786391 -0.0767944870877505 -0.13788101090755203
-0.7000000000000001 8.3 4.3 0.04188790204786391 -0.061086523819801536 -0.11868238913561441
-0.5 8.1 4.3 0.04188790204786391 -0.061086523819801536 -0.11868238913561441
-0.5 8.1 4.3 0.04188790204786391 -0.061086523819801536 -0.11868238913561441
-0.5 8.1 4.3 0.10646508437165411 -0.15009831567151236 -0.13788101090755203
-0.5 8.1 4.3 0.10646508437165411 -0.15009831567151236 -0.13788101090755203
-0.4 7.9 4 0.1780235837034216 -0.28099800957108706 -0.21293016874330822
-0.7000000000000001 7.800000000000001 3.5 0.20245819323134223 -0.47123889803846897 -0.2897246558310587
-0.7000000000000001 7.800000000000001 3.5 0.20245819323134223 -0.47123889803846897 -0.2897246558310587
-0.8 8.1 2.9000000000000004 0.05759586531581288 -0.47472955654245763 -0.2949606435870417
-0.8 8.1 2.9000000000000004 0.05759586531581288 -0.47472955654245763 -0.2949606435870417
-0.4 8.4 3.1 -0.1361356816555577 -0.28099800957108706 -0.3089232776029963
-0.4 8.4 3.1 -0.1361356816555577 -0.28099800957108706 -0.3089232776029963
-0.4 8.4 3.1 -0.1361356816555577 -0.28099800957108706 -0.3089232776029963
-0.6000000000000001 9.200000000000001 3.2 -0.32288591161895097 -0.1884955592153876 -0.39968039870670147
-0.6000000000000001 9.200000000000001 3.2 -0.32288591161895097 -0.1884955592153876 -0.39968039870670147
-1 10.700000000000001 4.3 -0.41538836197465046 -0.24609142453120048 -0.4991641660703783
-2.5 13.5 5.2 -0.1710422666954443 -0.3543018381548489 -0.5375614096142535
-2.5 13.5 5.2 -0.1710422666954443 -0.3543018381548489 -0.5375614096142535
-3.6 18.1 4.9 0.35255650890285456 -0.6108652381980153 -0.4328416544945937
-3.6 18.1 4.9 0.35255650890285456 -0.6108652381980153 -0.4328416544945937
-3.5 23.400000000000002 5.300000000000001 0.7225663103256524 -0.6265732014659643 -0.5899212871740834
-3.5 23.400000000000002 5.300000000000001 0.7225663103256524 -0.6265732014659643 -0.5899212871740834
-3.5 23.400000000000002 5.300000000000001 0.7225663103256524 -0.6265732014659643 -0.5899212871740834
-4.800000000000001 29 9.700000000000001 1.106538745764405 -0.22689280275926285 -1.0088003076527225
-4.800000000000001 29 9.700000000000001 1.106538745764405 -0.22689280275926285 -1.0088003076527225
-3.4000000000000004 32 15.9 2.157226955464991 -0.06981317007977318 -1.4730578886832142
-3.3000000000000003 31 18.2 3.7943457938356726 -0.09599310885968813 -2.2863813201125716
-3.3000000000000003 31 18.2 3.7943457938356726 -0.09599310885968813 -2.2863813201125716
-4.7 25.900000000000002 15 5.188863866179142 -0.04537856055185257 -3.103195410045918
-4.7 25.900000000000002 15 5.188863866179142 -0.04537856055185257 -3.103195410045918
-8.4 20.1 10.600000000000001 5.749114556069322 0.4834562028024293 -3.4801865284766933
-8.4 20.1 10.600000000000001 5.749114556069322 0.4834562028024293 -3.4801865284766933
-8.4 20.1 10.600000000000001 5.749114556069322 0.4834562028024293 -3.4801865284766933
-10.8 15 5.5 5.8224183846530835 0.7871434926494426 -3.1311206780778273
-10.8 15 5.5 5.8224183846530835 0.7871434926494426 -3.1311206780778273
-8.3 11.5 0.8 5.108578720587403 1.0873401239924674 -2.5446900494077327
-4.9 8.5 -0.7000000000000001 3.6843900509600296 1.4852751934471744 -2.452187599052033
-4.9 8.5 -0.7000000000000001 3.6843900509600296 1.4852751934471744 -2.452187599052033
-5.1000000000000005 3.8000000000000003 4.9 2.398082392240209 1.038470904936626 -2.2532200643246796
-5.1000000000000005 3.8000000000000003 4.9 2.398082392240209 1.038470904936626 -2.2532200643246796
-3.4000000000000004 -1.1 8.3 2.62846585350346 -0.0471238898038469 -1.345648853287628
-3.4000000000000004 -1.1 8.3 2.62846585350346 -0.0471238898038469 -1.345648853287628
-3.4000000000000004 -1.1 8.3 2.62846585350346 -0.0471238898038469 -1.345648853287628
4.5 -3.9000000000000004 8.3 3.3545228223331014 -1.08035880698449 -0.4729842272904633
4.5 -3.9000000000000004 8.3 3.3545228223331014 -1.08035880698449 -0.4729842272904633
6.9 -5 3.6 3.7838738183237064 -1.9949113350295187 -0.3612831551628262
9.8 -6.2 -1.3 3.035127569218139 -1.6458454846306527 -0.09599310885968813
9.8 -6.2 -1.3 3.035127569218139 -1.6458454846306527 -0.09599310885968813
16 -7.1000000000000005 1.4000000000000001 1.3508848410436112 -0.614355896702004 0.18500490071139894
16 -7.1000000000000005 1.4000000000000001 1.3508848410436112 -0.614355896702004 0.18500490071139894
18.2 -8.3 7.300000000000001 0.47647488579445196 0.6841690667817772 -0.26005405854715513
18.2 -8.3 7.300000000000001 0.47647488579445196 0.6841690667817772 -0.26005405854715513
18.2 -8.3 7.300000000000001 0.47647488579445196 0.6841690667817772 -0.26005405854715513
12.100000000000001 -9.4 4.4 1.1187560505283654 0.773180858633488 -1.3334315485236679
12.100000000000001 -9.4 4.4 1.1187560505283654 0.773180858633488 -1.3334315485236679
5.1000000000000005 -10.200000000000001 -3.9000000000000004 1.2007865253720988 0.8220500776893293 -1.4451326206513049
2.7 -9.700000000000001 -6.2 0.31066860685499065 1.3334315485236679 -1.0140362954087054
2.7 -9.700000000000001 -6.2 0.31066860685499065 1.3334315485236679 -1.0140362954087054
2.7 -8.6 -4.1000000000000005 -0.4276056667386107 1.6022122533307945 -0.5759586531581288
2.7 -8.6 -4.1000000000000005 -0.4276056667386107 1.6022122533307945 -0.5759586531581288
2.7 -8.6 -4.1000000000000005 -0.5881759579220891 1.5132004614790837 -0.19198621771937627
1.7000000000000002 -7.300000000000001 -3.1 -0.5881759579220891 1.5132004614790837 -0.19198621771937627
1.7000000000000002 -7.300000000000001 -3.1 -0.5881759579220891 1.5132004614790837 -0.19198621771937627
-0.30000000000000004 -6 -4.9 -0.7365289443416071 1.3404128655316452 0.3508111796508602
-0.30000000000000004 -6 -4.9 -0.7365289443416071 1.3404128655316452 0.3508111796508602
-1.7000000000000002 -3.6 -5.800000000000001 -1.223475805648025 1.1798425743481669 0.7766715171374766
-3.9000000000000004 -0.7000000000000001 -4.1000000000000005 -1.223475805648025 1.1798425743481669 0.7766715171374766
-3.9000000000000004 -0.7000000000000001 -4.1000000000000005 -1.223475805648025 1.1798425743481669 0.7766715171374766
