-5.300000000000001 9.8 -0.30000000000000004 -1.5009831567151235 0.14486232791552936 0.5986479334340551
-5.300000000000001 9.8 -0.30000000000000004 -1.5009831567151235 0.14486232791552936 0.5986479334340551
-5.300000000000001 9.8 -0.30000000000000004 -1.5009831567151235 0.14486232791552936 0.5986479334340551
-5.7 9.8 0.9 -1.5865042900628457 0.4363323129985824 0.7173303225696694
-5.5 9.3 2.3000000000000003 -1.398008730847458 0.6527531402458793 0.8656833089891874
-5.5 9.3 2.3000000000000003 -1.398008730847458 0.6527531402458793 0.8656833089891874
-3.8000000000000003 9.1 2 -1.0349802464326374 0.5410520681182421 0.9843656981248019
-3.8000000000000003 9.1 2 -1.0349802464326374 0.5410520681182421 0.9843656981248019
-2.5 9.1 1.8 -0.7853981633974483 0.640535835481919 0.9162978572970231
-1.5 9.1 2.9000000000000004 -0.4904375198104066 0.3298672286269283 0.6684611035138283
-1.5 9.1 2.9000000000000004 -0.4904375198104066 0.3298672286269283 0.6684611035138283
-1.5 9.1 2.9000000000000004 -0.4904375198104066 0.3298672286269283 0.6684611035138283
-1.5 9.1 2.9000000000000004 -0.4904375198104066 0.3298672286269283 0.6684611035138283
-2.4000000000000004 9.200000000000001 1.9000000000000001 -0.10646508437165411 0.2984513020910304 0.39968039870670147
-4.2 9.3 1.1 0.06283185307179587 0.5305800926062761 0.37350045992678654
-4.2 9.3 1.1 0.06283185307179587 0.5305800926062761 0.37350045992678654
-4 9.600000000000001 0.6000000000000001 0.06632251157578452 0.5794493116621174 0.5899212871740834
-4 9.600000000000001 0.6000000000000001 0.06632251157578452 0.5794493116621174 0.5899212871740834
-1.7000000000000002 9.1 0 0.008726646259971648 0.2583087292951608 0.6754424205218056
-1.4000000000000001 9.1 -0.30000000000000004 -0.08028514559173916 0.08377580409572782 0.46076692252650303
-1.4000000000000001 9.1 -0.30000000000000004 -0.08028514559173916 0.08377580409572782 0.46076692252650303
-1.4000000000000001 9.1 -0.30000000000000004 -0.08028514559173916 0.08377580409572782 0.46076692252650303
-1.4000000000000001 9.1 -0.30000000000000004 -0.08028514559173916 0.08377580409572782 0.46076692252650303
-2.5 9.200000000000001 -0.4 -0.1832595714594046 0.17627825445142728 0.2949606435870417
-3.3000000000000003 9.3 -0.1 -0.3298672286269283 0.31066860685499065 0.30543261909900765
-3.3000000000000003 9.3 -0.1 -0.3298672286269283 0.31066860685499065 0.30543261909900765
-3.3000000000000003 9.4 -0.4 -0.44505895925855404 0.1780235837034216 0.41538836197465046
-3.3000000000000003 9.4 -0.4 -0.44505895925855404 0.1780235837034216 0.41538836197465046
-2.3000000000000003 9.3 0.30000000000000004 -0.614355896702004 0.0942477796076938 0.4852015320544236
-2.3000000000000003 9.3 0.30000000000000004 -0.614355896702004 0.0942477796076938 0.4852015320544236
-2.3000000000000003 9.3 0.30000000000000004 -0.614355896702004 0.0942477796076938 0.4852015320544236
-2.1 9.4 1 -0.6527531402458793 0.09599310885968813 0.42935099599060506
-2.1 9.4 1 -0.6527531402458793 0.09599310885968813 0.42935099599060506
-1.8 9.5 1.4000000000000001 -0.6161012259539983 0.12566370614359174 0.40491638646268446
-1.4000000000000001 9.5 1.7000000000000002 -0.5288347633542818 -0.015707963267948967 0.33335788713091696
-1.4000000000000001 9.5 1.7000000000000002 -0.5288347633542818 -0.015707963267948967 0.33335788713091696
-1.5 9.600000000000001 1.6 -0.4171336912266448 -0.14486232791552936 0.2181661564992912
-1.5 9.600000000000001 1.6 -0.4171336912266448 -0.14486232791552936 0.2181661564992912
-2 9.600000000000001 2.1 -0.3543018381548489 -0.14311699866353503 0.17453292519943295
-2 9.600000000000001 2.1 -0.3543018381548489 -0.14311699866353503 0.17453292519943295
-2 9.600000000000001 2.1 -0.3543018381548489 -0.14311699866353503 0.17453292519943295
-2.1 9.5 2.2 -0.1884955592153876 -0.2111848394913139 0.18675022996339327
-2.1 9.5 2.2 -0.1884955592153876 -0.2111848394913139 0.18675022996339327
-2.3000000000000003 9.5 1.6 -0.08203047484373349 -0.18500490071139894 0.20769418098732523
-2 9.5 1.7000000000000002 -0.10821041362364843 -0.1780235837034216 0.23911010752322315
-2 9.5 1.7000000000000002 -0.10821041362364843 -0.1780235837034216 0.23911010752322315
-1.6 9.200000000000001 1.7000000000000002 -0.11868238913561441 -0.34732052114687156 0.20245819323134223
-1.6 9.200000000000001 1.7000000000000002 -0.11868238913561441 -0.34732052114687156 0.20245819323134223
-2.1 9.200000000000001 1.6 -0.1291543646475804 -0.3001966313430247 0.13962634015954636
-2.1 9.200000000000001 1.6 -0.1291543646475804 -0.3001966313430247 0.13962634015954636
-2.1 9.200000000000001 1.6 -0.1291543646475804 -0.3001966313430247 0.13962634015954636
-2.6 9.4 1.4000000000000001 -0.19373154697137057 -0.21467549799530253 0.16929693744344998
-2.6 9.4 1.4000000000000001 -0.19373154697137057 -0.21467549799530253 0.16929693744344998
-2.5 9.4 1.6 -0.2897246558310587 -0.1117010721276371 0.27401669256310973
-2.1 9.4 2.1 -0.36302848441482055 -0.015707963267948967 0.3490658503988659
-2.1 9.4 2.1 -0.36302848441482055 -0.015707963267948967 0.3490658503988659
-2.1 9.4 2.1 -0.3141592653589793 -0.1361356816555577 0.34382986264288296
-2.1 9.4 2.1 -0.3141592653589793 -0.1361356816555577 0.34382986264288296
-1.2000000000000002 9.4 2.8000000000000003 -0.26878070480712674 -0.19373154697137057 0.2984513020910304
-1 9.5 2.6 -0.24085543677521748 -0.1832595714594046 0.25481807079117214
-1 9.5 2.6 -0.24085543677521748 -0.1832595714594046 0.25481807079117214
-1.2000000000000002 9.600000000000001 2.5 -0.2583087292951608 -0.08377580409572782 0.21293016874330822
-1.2000000000000002 9.600000000000001 2.5 -0.2583087292951608 -0.08377580409572782 0.21293016874330822
-1.6 9.700000000000001 2.4000000000000004 -0.31590459461097364 0.04537856055185257 0.2111848394913139
-1.8 9.8 2.2 -0.4485496177625427 0.24958208303518914 0.28099800957108706
-1.8 9.8 2.2 -0.4485496177625427 0.24958208303518914 0.28099800957108706
-1.8 9.8 2.2 -0.4485496177625427 0.24958208303518914 0.28099800957108706
-1.8 9.8 2.2 -0.4485496177625427 0.24958208303518914 0.28099800957108706
-1.1 9.600000000000001 2.7 -0.619591884457987 0.2792526803190927 0.32114058236695664
-0.6000000000000001 9.4 3.1 -0.7243116395776468 0.2984513020910304 0.25656340004316647
-0.6000000000000001 9.4 3.1 -0.7243116395776468 0.2984513020910304 0.25656340004316647
-0.8 9.200000000000001 3.4000000000000004 -0.7470009198535731 0.28623399732707006 0.13788101090755203
-0.8 9.200000000000001 3.4000000000000004 -0.7470009198535731 0.28623399732707006 0.13788101090755203
-1.5 9.1 3.9000000000000004 -0.7103490055616921 0.2792526803190927 0.12042771838760874
-1.7000000000000002 8.8 4 -0.6003932626860494 0.21642082724729686 0.21467549799530253
-1.7000000000000002 8.8 4 -0.6003932626860494 0.21642082724729686 0.21467549799530253
-1.7000000000000002 8.8 4 -0.6003932626860494 0.21642082724729686 0.21467549799530253
-1.7000000000000002 8.8 4 -0.6003932626860494 0.21642082724729686 0.21467549799530253
-1.3 8.8 3.9000000000000004 -0.5078908123303499 0.20769418098732523 0.34732052114687156
-0.7000000000000001 8.700000000000001 3.9000000000000004 -0.4415683007545654 0.11868238913561441 0.39968039870670147
-0.7000000000000001 8.700000000000001 3.9000000000000004 -0.4415683007545654 0.11868238913561441 0.39968039870670147
-0.5 8.6 3.9000000000000004 -0.38571776469074687 0.07853981633974483 0.3909537524467298
-0.5 8.6 3.9000000000000004 -0.38571776469074687 0.07853981633974483 0.3909537524467298
-0.30000000000000004 8.6 3.9000000000000004 -0.3543018381548489 0.08377580409572782 0.36826447217080355
-0.30000000000000004 8.6 3.9000000000000004 -0.3543018381548489 0.08377580409572782 0.36826447217080355
-0.30000000000000004 8.6 3.9000000000000004 -0.3543018381548489 0.08377580409572782 0.36826447217080355
-0.30000000000000004 8.8 4.4 -0.30543261909900765 0.05759586531581288 0.33859387488689996
-0.30000000000000004 8.8 4.4 -0.30543261909900765 0.05759586531581288 0.33859387488689996
-0.5 8.9 4.5 -0.17278759594743862 0.05235987755982989 0.32288591161895097
-0.5 9 4 -0.05759586531581288 0.04537856055185257 0.35779249665883756
-0.5 9 4 -0.05759586531581288 0.04537856055185257 0.35779249665883756
-0.5 9.1 3.7 -0.024434609527920613 0.054105206811824215 0.3490658503988659
-0.5 9.1 3.7 -0.024434609527920613 0.054105206811824215 0.3490658503988659
-0.4 9.3 3.3000000000000003 -0.06981317007977318 0.06806784082777885 0.3193952531149623
-0.4 9.3 3.3000000000000003 -0.06981317007977318 0.06806784082777885 0.3193952531149623
-0.4 9.3 3.3000000000000003 -0.06981317007977318 0.06806784082777885 0.3193952531149623
-0.6000000000000001 9.3 3.5 -0.18675022996339327 0.19373154697137057 0.2792526803190927
-0.6000000000000001 9.3 3.5 -0.18675022996339327 0.19373154697137057 0.2792526803190927
-0.6000000000000001 9.3 3.7 -0.25656340004316647 0.23911010752322315 0.2583087292951608
-0.5 9.4 3.8000000000000003 -0.2879793265790644 0.23736477827122882 0.21642082724729686
-0.5 9.4 3.8000000000000003 -0.2879793265790644 0.23736477827122882 0.21642082724729686
-0.7000000000000001 9.5 3.8000000000000003 -0.33859387488689996 0.1954768762233649 0.19896753472735357
-0.7000000000000001 9.5 3.8000000000000003 -0.33859387488689996 0.1954768762233649 0.19896753472735357
-0.5 9.4 4.1000000000000005 -0.40317105721069013 0.21642082724729686 0.22689280275926285
-0.5 9.4 4.1000000000000005 -0.40317105721069013 0.21642082724729686 0.22689280275926285
-0.5 9.4 4.1000000000000005 -0.40317105721069013 0.21642082724729686 0.22689280275926285
-0.30000000000000004 9.3 4.4 -0.4084070449666731 0.2583087292951608 0.23212879051524585
-0.30000000000000004 9.3 4.4 -0.4084070449666731 0.2583087292951608 0.23212879051524585
-0.30000000000000004 9.3 4.4 -0.36302848441482055 0.3298672286269283 0.23911010752322315
-0.1 9.1 4.4 -0.3298672286269283 0.32812189937493397 0.2234021442552742
-0.1 9.1 4.4 -0.3298672286269283 0.32812189937493397 0.2234021442552742
0 9 4.800000000000001 -0.26179938779914946 0.27576202181510406 0.16057029118347832
0 9 4.800000000000001 -0.26179938779914946 0.27576202181510406 0.16057029118347832
-0.30000000000000004 9 4.4 -0.13962634015954636 0.3368485456349056 0.11519173063162576
-0.30000000000000004 9 4.4 -0.13962634015954636 0.3368485456349056 0.11519173063162576
-0.30000000000000004 9 4.4 -0.13962634015954636 0.3368485456349056 0.11519173063162576
-0.5 8.9 4 -0.10122909661567112 0.3612831551628262 0.11868238913561441
-0.5 8.9 4 -0.10122909661567112 0.3612831551628262 0.11868238913561441
-0.30000000000000004 8.8 4.2 -0.14835298641951802 0.28099800957108706 0.1117010721276371
-0.4 8.700000000000001 4 -0.15009831567151236 0.29670597283903605 0.08203047484373349
-0.4 8.700000000000001 4 -0.15009831567151236 0.29670597283903605 0.08203047484373349
-0.8 8.700000000000001 3.5 -0.21467549799530253 0.4468042885105484 0.08552113334772216
-0.8 8.700000000000001 3.5 -0.21467549799530253 0.4468042885105484 0.08552113334772216
-0.8 8.700000000000001 3.5 -0.41015237421866746 0.5585053606381855 0.153588974175501
-0.9 8.700000000000001 3.3000000000000003 -0.41015237421866746 0.5585053606381855 0.153588974175501
-0.9 8.700000000000001 3.3000000000000003 -0.41015237421866746 0.5585053606381855 0.153588974175501
-0.5 8.5 4.1000000000000005 -0.614355896702004 0.5602506898901798 0.19896753472735357
-0.5 8.5 4.1000000000000005 -0.614355896702004 0.5602506898901798 0.19896753472735357
-0.4 8.4 4.800000000000001 -0.6544984694978736 0.43982297150257105 0.1780235837034216
-1 8.4 4.6000000000000005 -0.6038839211900381 0.5672320068981571 0.2181661564992912
-1 8.4 4.6000000000000005 -0.6038839211900381 0.5672320068981571 0.2181661564992912
-1 8.4 4.6000000000000005 -0.6038839211900381 0.5672320068981571 0.2181661564992912
-1 8.4 4.6000000000000005 -0.6038839211900381 0.5672320068981571 0.2181661564992912
-1.1 8.3 4.800000000000001 -0.619591884457987 0.6492624817418906 0.34732052114687156
-1 7.9 5 -0.5969026041820608 0.6562437987498679 0.44505895925855404
-1 7.9 5 -0.5969026041820608 0.6562437987498679 0.44505895925855404
-0.6000000000000001 8.200000000000001 5.4 -0.5759586531581288 0.5969026041820608 0.5166174585903216
-0.6000000000000001 8.200000000000001 5.4 -0.5759586531581288 0.5969026041820608 0.5166174585903216
-0.1 7.800000000000001 5.5 -0.4782202150464463 0.48171087355043496 0.4782202150464463
0.30000000000000004 7.9 5.6000000000000005 -0.3717551306747922 0.4084070449666731 0.39793506945470714
0.30000000000000004 7.9 5.6000000000000005 -0.3717551306747922 0.4084070449666731 0.39793506945470714
0.30000000000000004 7.9 5.6000000000000005 -0.3717551306747922 0.4084070449666731 0.39793506945470714
0.30000000000000004 7.9 5.6000000000000005 -0.3717551306747922 0.4084070449666731 0.39793506945470714
0.4 8.1 5.7 -0.27576202181510406 0.307177948351002 0.23736477827122882
-0.1 8.200000000000001 5.6000000000000005 -0.17453292519943295 0.2844886680750757 0.09075712110370514
-0.1 8.200000000000001 5.6000000000000005 -0.17453292519943295 0.2844886680750757 0.09075712110370514
-0.8 8.3 5.6000000000000005 -0.06981317007977318 0.21991148575128552 0.06632251157578452
-0.8 8.3 5.6000000000000005 -0.06981317007977318 0.21991148575128552 0.06632251157578452
-0.8 8.3 5.1000000000000005 0.003490658503988659 0.09948376736367678 0.10995574287564276
-0.9 8.3 4.6000000000000005 -0.022689280275926284 0.08028514559173916 0.16406094968746698
-0.9 8.3 4.6000000000000005 -0.022689280275926284 0.08028514559173916 0.16406094968746698
-0.9 8.3 4.6000000000000005 -0.022689280275926284 0.08028514559173916 0.16406094968746698
-0.9 8.3 4.6000000000000005 -0.022689280275926284 0.08028514559173916 0.16406094968746698
-0.5 8.3 5.1000000000000005 -0.09250245035569947 0.1361356816555577 0.23736477827122882
-0.2 8.200000000000001 5.6000000000000005 -0.015707963267948967 0.1518436449235067 0.2844886680750757
-0.2 8.200000000000001 5.6000000000000005 -0.015707963267948967 0.1518436449235067 0.2844886680750757
-0.2 8.3 5.6000000000000005 0.1710422666954443 0.0645771823237902 0.3089232776029963
-0.2 8.3 5.6000000000000005 0.1710422666954443 0.0645771823237902 0.3089232776029963
-0.30000000000000004 8.3 5 0.3403392041388943 -0.10646508437165411 0.32288591161895097
-0.30000000000000004 8.3 5 0.3403392041388943 -0.10646508437165411 0.32288591161895097
-0.30000000000000004 8.3 5 0.3403392041388943 -0.10646508437165411 0.32288591161895097
-0.4 8.3 4.800000000000001 0.3892084231947355 -0.19722220547535924 0.3665191429188092
-0.4 8.3 4.800000000000001 0.3892084231947355 -0.19722220547535924 0.3665191429188092
-0.30000000000000004 8.3 4.9 0.40491638646268446 -0.21642082724729686 0.42935099599060506
0.1 8.4 5.4 0.5044001538263613 -0.27576202181510406 0.49218284906240095
0.1 8.4 5.4 0.5044001538263613 -0.27576202181510406 0.49218284906240095
-0.1 9.1 5.6000000000000005 0.7627088831215221 -0.3961897402027128 0.47472955654245763
-0.1 9.1 5.6000000000000005 0.7627088831215221 -0.3961897402027128 0.47472955654245763
-0.5 9.9 5.300000000000001 1.090830782496456 -0.619591884457987 0.39968039870670147
-0.5 9.9 5.300000000000001 1.090830782496456 -0.619591884457987 0.39968039870670147
-0.5 9.9 5.300000000000001 1.090830782496456 -0.619591884457987 0.39968039870670147
-0.7000000000000001 9.8 4.7 1.3369222070276565 -0.8656833089891874 0.2932153143350474
-0.7000000000000001 9.8 4.7 1.3369222070276565 -0.8656833089891874 0.2932153143350474
-0.4 9.1 3.7 1.3945180723434694 -0.9721483933608416 0.31066860685499065
0.7000000000000001 9 2.6 1.213003830136059 -0.6981317007977318 0.3892084231947355
0.7000000000000001 9 2.6 1.213003830136059 -0.6981317007977318 0.3892084231947355
1.6 8.700000000000001 2.1 0.7958701389094143 -0.18675022996339327 0.3420845333908886
1.6 8.700000000000001 2.1 0.7958701389094143 -0.18675022996339327 0.3420845333908886
1.6 8.6 2.3000000000000003 0.3700098014227979 0.22863813201125718 0.22863813201125718
1.6 8.6 2.3000000000000003 0.3700098014227979 0.22863813201125718 0.22863813201125718
1.6 8.6 2.3000000000000003 0.3700098014227979 0.22863813201125718 0.22863813201125718
1.2000000000000002 8.6 3.2 0.13264502315156904 0.3420845333908886 0.1466076571675237
1.2000000000000002 8.6 3.2 0.13264502315156904 0.3420845333908886 0.1466076571675237
0.9 9 3.2 0.14835298641951802 0.2792526803190927 0.10471975511965978
0.8 9.3 2.8000000000000003 0.16929693744344998 0.2059488517353309 0.061086523819801536
0.8 9.3 2.8000000000000003 0.16929693744344998 0.2059488517353309 0.061086523819801536
1 9.5 2.6 0.1361356816555577 0.21467549799530253 0.04188790204786391
1 9.5 2.6 0.1361356816555577 0.21467549799530253 0.04188790204786391
1.1 9.5 3 0.07853981633974483 0.29670597283903605 0.010471975511965978
1.1 9.5 3 0.07853981633974483 0.29670597283903605 0.010471975511965978
1.1 9.5 3 0.07853981633974483 0.29670597283903605 0.010471975511965978
1 9.3 2.8000000000000003 0.0942477796076938 0.12740903539558607 -0.054105206811824215
1 9.3 2.8000000000000003 0.0942477796076938 0.12740903539558607 -0.054105206811824215
0.7000000000000001 9.3 2.8000000000000003 0.09075712110370514 0.09948376736367678 -0.061086523819801536
0.6000000000000001 9.200000000000001 2.9000000000000004 0.08377580409572782 0.09250245035569947 -0.010471975511965978
0.6000000000000001 9.200000000000001 2.9000000000000004 0.08377580409572782 0.09250245035569947 -0.010471975511965978
0.6000000000000001 9.200000000000001 2.9000000000000004 0.08377580409572782 0.09250245035569947 -0.010471975511965978
0.6000000000000001 9.200000000000001 2.9000000000000004 0.08377580409572782 0.09250245035569947 -0.010471975511965978
1.1 9.3 3.1 0.10646508437165411 -0.04363323129985824 0.012217304763960306
1.3 9.3 3.3000000000000003 0.12740903539558607 -0.07504915783575618 -0.005235987755982989
1.3 9.3 3.3000000000000003 0.12740903539558607 -0.07504915783575618 -0.005235987755982989
1.4000000000000001 9.3 3.5 0.17627825445142728 -0.10995574287564276 -0.04188790204786391
1.4000000000000001 9.3 3.5 0.17627825445142728 -0.10995574287564276 -0.04188790204786391
1.4000000000000001 9.3 3.5 0.26005405854715513 -0.19722220547535924 -0.10297442586766545
1.1 9.3 3.5 0.3647738136668149 -0.28099800957108706 -0.16057029118347832
1.1 9.3 3.5 0.3647738136668149 -0.28099800957108706 -0.16057029118347832
1.1 9.3 3.5 0.42062434973063345 -0.2827433388230814 -0.1780235837034216
1.1 9.3 3.5 0.42062434973063345 -0.2827433388230814 -0.1780235837034216
0.6000000000000001 9.3 3.3000000000000003 0.466002910282486 -0.2827433388230814 -0.1780235837034216
0.4 9.200000000000001 2.9000000000000004 0.5288347633542818 -0.3001966313430247 -0.1518436449235067
0.4 9.200000000000001 2.9000000000000004 0.5288347633542818 -0.3001966313430247 -0.1518436449235067
0.4 9.200000000000001 2.8000000000000003 0.5480333851262195 -0.32637657012293964 -0.1117010721276371
0.4 9.200000000000001 2.8000000000000003 0.5480333851262195 -0.32637657012293964 -0.1117010721276371
0.6000000000000001 9.200000000000001 2.5 0.5497787143782138 -0.39968039870670147 -0.10995574287564276
0.7000000000000001 9.3 2.5 0.5009094953223726 -0.31590459461097364 -0.12217304763960307
0.7000000000000001 9.3 2.5 0.5009094953223726 -0.31590459461097364 -0.12217304763960307
0.7000000000000001 9.3 2.5 0.5009094953223726 -0.31590459461097364 -0.12217304763960307
0.7000000000000001 9.3 2.5 0.5009094953223726 -0.31590459461097364 -0.12217304763960307
0.6000000000000001 9.3 2.4000000000000004 0.4310963252425994 -0.19373154697137057 -0.13962634015954636
0.6000000000000001 9.200000000000001 2.3000000000000003 0.3560471674068432 -0.11868238913561441 -0.16929693744344998
0.6000000000000001 9.200000000000001 2.3000000000000003 0.3560471674068432 -0.11868238913561441 -0.16929693744344998
0.1 9.1 2.4000000000000004 0.3036872898470134 -0.0471238898038469 -0.17976891295541594
0.1 9.1 2.4000000000000004 0.3036872898470134 -0.0471238898038469 -0.17976891295541594
0.1 9.1 2.5 0.30194196059501904 -0.06283185307179587 -0.12217304763960307
0.1 9.1 2.5 0.32114058236695664 -0.09599310885968813 -0.09599310885968813
0.1 9.1 2.5 0.32114058236695664 -0.09599310885968813 -0.09599310885968813
0.30000000000000004 9.1 2.4000000000000004 0.3403392041388943 -0.11344640137963143 -0.07504915783575618
0.30000000000000004 9.1 2.4000000000000004 0.3403392041388943 -0.11344640137963143 -0.07504915783575618
0.6000000000000001 9.200000000000001 2.3000000000000003 0.3700098014227979 -0.11344640137963143 -0.054105206811824215
0.9 9.3 2.1 0.3822271061867582 -0.1518436449235067 -0.0942477796076938
0.9 9.3 2.1 0.3822271061867582 -0.1518436449235067 -0.0942477796076938
0.6000000000000001 9.4 1.9000000000000001 0.37873644768276954 -0.2007128639793479 -0.1518436449235067
0.6000000000000001 9.4 1.9000000000000001 0.37873644768276954 -0.2007128639793479 -0.1518436449235067
0.30000000000000004 9.5 1.8 0.3490658503988659 -0.19198621771937627 -0.1413716694115407
0.30000000000000004 9.5 1.8 0.3490658503988659 -0.19198621771937627 -0.1413716694115407
0.30000000000000004 9.5 1.8 0.3490658503988659 -0.19198621771937627 -0.1413716694115407
0.2 9.5 1.9000000000000001 0.31066860685499065 -0.1361356816555577 -0.09075712110370514
0.2 9.5 1.9000000000000001 0.31066860685499065 -0.1361356816555577 -0.09075712110370514
0.2 9.5 1.8 0.30543261909900765 -0.1239183768915974 -0.03839724354387525
0.5 9.600000000000001 1.8 0.3089232776029963 -0.15009831567151236 -0.005235987755982989
0.5 9.600000000000001 1.8 0.3089232776029963 -0.15009831567151236 -0.005235987755982989
0.8 9.600000000000001 1.6 0.307177948351002 -0.23212879051524585 -0.03665191429188092
0.8 9.600000000000001 1.6 0.307177948351002 -0.23212879051524585 -0.03665191429188092
0.5 9.700000000000001 1.5 0.28623399732707006 -0.19198621771937627 -0.07155849933176751
0.5 9.700000000000001 1.5 0.28623399732707006 -0.19198621771937627 -0.07155849933176751
0.5 9.700000000000001 1.5 0.28623399732707006 -0.19198621771937627 -0.07155849933176751
0.1 9.700000000000001 1.4000000000000001 0.2583087292951608 -0.1413716694115407 -0.0471238898038469
0.1 9.700000000000001 1.4000000000000001 0.2583087292951608 -0.1413716694115407 -0.0471238898038469
0 9.600000000000001 1.4000000000000001 0.24434609527920614 -0.12042771838760874 0.03316125578789226
0 9.600000000000001 1.2000000000000002 0.23736477827122882 -0.11868238913561441 0.10995574287564276
0 9.600000000000001 1.2000000000000002 0.23736477827122882 -0.11868238913561441 0.10995574287564276
0.5 9.600000000000001 1.2000000000000002 0.2059488517353309 -0.05235987755982989 0.15009831567151236
0.5 9.600000000000001 1.2000000000000002 0.2059488517353309 -0.05235987755982989 0.15009831567151236
0.9 9.4 1.3 0.22165681500327986 -0.019198621771937624 0.08377580409572782
0.9 9.4 1.3 0.22165681500327986 -0.019198621771937624 0.08377580409572782
0.2 9.8 1 0.24609142453120048 -0.1884955592153876 0.03316125578789226
0.2 9.8 1 0.24609142453120048 -0.1884955592153876 0.03316125578789226
0.2 9.8 1 0.24609142453120048 -0.1884955592153876 0.03316125578789226
0.2 9.8 1 0.24609142453120048 -0.1884955592153876 0.03316125578789226
0.2 9.8 1 0.24609142453120048 -0.1884955592153876 0.03316125578789226
0.9 9.5 1.2000000000000002 0.15533430342749532 -0.09599310885968813 0.08726646259971647
0.9 9.5 1.2000000000000002 0.15533430342749532 -0.09599310885968813 0.08726646259971647
0.9 9.5 1.2000000000000002 0.15533430342749532 -0.09599310885968813 0.08726646259971647
0.9 9.5 1.2000000000000002 0.15533430342749532 -0.09599310885968813 0.08726646259971647
0.8 9.600000000000001 1 0.1361356816555577 -0.020943951023931956 0.0471238898038469
0.8 9.600000000000001 1 0.1361356816555577 -0.020943951023931956 0.0471238898038469
0.6000000000000001 9.600000000000001 0.9 0.08726646259971647 -0.017453292519943295 0.008726646259971648
0.6000000000000001 9.600000000000001 0.9 0.08726646259971647 -0.017453292519943295 0.008726646259971648
0.6000000000000001 9.600000000000001 0.9 0.08726646259971647 -0.017453292519943295 0.008726646259971648
0.6000000000000001 9.600000000000001 0.9 0.08726646259971647 -0.017453292519943295 0.008726646259971648
0.4 9.600000000000001 0.9 0.019198621771937624 0.022689280275926284 0.003490658503988659
0.4 9.600000000000001 0.9 0.019198621771937624 0.022689280275926284 0.003490658503988659
0.4 9.600000000000001 0.9 0.019198621771937624 0.022689280275926284 0.003490658503988659
0.4 9.600000000000001 0.9 0.019198621771937624 0.022689280275926284 0.003490658503988659
0.4 9.600000000000001 0.9 0.019198621771937624 0.022689280275926284 0.003490658503988659
0.4 9.600000000000001 0.9 0.019198621771937624 0.022689280275926284 0.003490658503988659
0.5 9.600000000000001 1.1 -0.04014257279586958 0.05235987755982989 0.03665191429188092
0.5 9.600000000000001 1.1 -0.04014257279586958 0.05235987755982989 0.03665191429188092
0.5 9.600000000000001 1.1 -0.04014257279586958 0.05235987755982989 0.03665191429188092
0.5 9.600000000000001 1.1 -0.04014257279586958 0.05235987755982989 0.03665191429188092
0.5 9.600000000000001 1.3 -0.05235987755982989 0.06632251157578452 0.03665191429188092
0.5 9.600000000000001 1.3 -0.05235987755982989 0.06632251157578452 0.03665191429188092
0.5 9.600000000000001 1.3 -0.05235987755982989 0.06632251157578452 0.03665191429188092
0.4 9.600000000000001 1.4000000000000001 -0.03839724354387525 0.0471238898038469 0.04188790204786391
0.4 9.600000000000001 1.4000000000000001 -0.03839724354387525 0.0471238898038469 0.04188790204786391
0.4 9.600000000000001 1.4000000000000001 -0.03839724354387525 0.0471238898038469 0.04188790204786391
0.5 9.600000000000001 1.4000000000000001 -0.013962634015954637 0.029670597283903602 0.05759586531581288
0.5 9.600000000000001 1.4000000000000001 -0.013962634015954637 0.029670597283903602 0.05759586531581288
0.5 9.600000000000001 1.4000000000000001 -0.013962634015954637 0.029670597283903602 0.05759586531581288
0.5 9.600000000000001 1.4000000000000001 -0.013962634015954637 0.029670597283903602 0.05759586531581288
0.5 9.600000000000001 1.4000000000000001 -0.013962634015954637 0.029670597283903602 0.05759586531581288
0.5 9.600000000000001 1.4000000000000001 -0.013962634015954637 0.029670597283903602 0.05759586531581288
0.5 9.600000000000001 1.4000000000000001 -0.013962634015954637 0.029670597283903602 0.05759586531581288
0.9 9.600000000000001 1.4000000000000001 -0.006981317007977318 0.029670597283903602 0.03665191429188092
0.9 9.600000000000001 1.4000000000000001 -0.006981317007977318 0.029670597283903602 0.03665191429188092
0.9 9.600000000000001 1.4000000000000001 -0.006981317007977318 0.029670597283903602 0.03665191429188092
0.7000000000000001 9.700000000000001 1.3 0 0.0645771823237902 -0.020943951023931956
0.7000000000000001 9.700000000000001 1.3 0 0.0645771823237902 -0.020943951023931956
0.7000000000000001 9.700000000000001 1.3 0 0.0645771823237902 -0.020943951023931956
0.7000000000000001 9.700000000000001 1.3 0 0.0645771823237902 -0.020943951023931956
0.4 9.700000000000001 1.4000000000000001 -0.003490658503988659 0.05061454830783556 -0.017453292519943295
0.4 9.700000000000001 1.4000000000000001 -0.003490658503988659 0.05061454830783556 -0.017453292519943295
0.4 9.700000000000001 1.4000000000000001 -0.003490658503988659 0.05061454830783556 -0.017453292519943295
0.4 9.700000000000001 1.4000000000000001 -0.003490658503988659 0.05061454830783556 -0.017453292519943295
0.4 9.600000000000001 1.4000000000000001 0.015707963267948967 0.03490658503988659 0.017453292519943295
0.4 9.600000000000001 1.4000000000000001 0.015707963267948967 0.03490658503988659 0.017453292519943295
0.7000000000000001 9.700000000000001 1.3 0.03316125578789226 0.04188790204786391 0.026179938779914945
0.7000000000000001 9.700000000000001 1.3 0.03316125578789226 0.04188790204786391 0.026179938779914945
0.7000000000000001 9.700000000000001 1.3 0.03316125578789226 0.04188790204786391 0.026179938779914945
0.7000000000000001 9.700000000000001 1.3 0.03316125578789226 0.04188790204786391 0.026179938779914945
0.7000000000000001 9.700000000000001 1.3 0.03316125578789226 0.04188790204786391 0.026179938779914945
0.7000000000000001 9.700000000000001 1.3 0.03316125578789226 0.04188790204786391 0.026179938779914945
0.7000000000000001 9.700000000000001 1.3 0.03316125578789226 0.04188790204786391 0.026179938779914945
0.9 9.700000000000001 1.2000000000000002 0.029670597283903602 0.029670597283903602 -0.006981317007977318
0.9 9.700000000000001 1.2000000000000002 0.029670597283903602 0.029670597283903602 -0.006981317007977318
0.9 9.700000000000001 1.2000000000000002 0.029670597283903602 0.029670597283903602 -0.006981317007977318
0.7000000000000001 9.700000000000001 1.3 0.006981317007977318 0.0471238898038469 -0.031415926535897934
0.7000000000000001 9.700000000000001 1.3 0.006981317007977318 0.0471238898038469 -0.031415926535897934
0.7000000000000001 9.700000000000001 1.3 0.006981317007977318 0.0471238898038469 -0.031415926535897934
0.7000000000000001 9.700000000000001 1.3 0.006981317007977318 0.0471238898038469 -0.031415926535897934
0.7000000000000001 9.600000000000001 1.3 -0.003490658503988659 0.08552113334772216 -0.031415926535897934
0.7000000000000001 9.600000000000001 1.3 -0.003490658503988659 0.08552113334772216 -0.031415926535897934
0.7000000000000001 9.600000000000001 1.3 -0.003490658503988659 0.08552113334772216 -0.031415926535897934
0.7000000000000001 9.600000000000001 1.3 -0.003490658503988659 0.08552113334772216 -0.031415926535897934
0.5 9.600000000000001 1.4000000000000001 0.020943951023931956 0.07155849933176751 -0.03490658503988659
0.5 9.600000000000001 1.4000000000000001 0.020943951023931956 0.07155849933176751 -0.03490658503988659
0.5 9.5 1.3 0.054105206811824215 0.022689280275926284 -0.008726646259971648
0.5 9.5 1.3 0.054105206811824215 0.022689280275926284 -0.008726646259971648
0.5 9.5 1.3 0.054105206811824215 0.022689280275926284 -0.008726646259971648
0.5 9.5 1.3 0.054105206811824215 0.022689280275926284 -0.008726646259971648
0.5 9.5 1.3 0.054105206811824215 0.022689280275926284 -0.008726646259971648
0.5 9.5 1.3 0.054105206811824215 0.022689280275926284 -0.008726646259971648
0.5 9.5 1.3 0.054105206811824215 0.022689280275926284 -0.008726646259971648
0.5 9.5 1.3 0.054105206811824215 0.022689280275926284 -0.008726646259971648
0.6000000000000001 9.5 1.2000000000000002 0.06981317007977318 0.003490658503988659 -0.008726646259971648
0.6000000000000001 9.5 1.2000000000000002 0.06981317007977318 0.003490658503988659 -0.008726646259971648
0.6000000000000001 9.5 1 0.06981317007977318 -0.026179938779914945 -0.013962634015954637
0.6000000000000001 9.5 1 0.06981317007977318 -0.026179938779914945 -0.013962634015954637
0.6000000000000001 9.5 1 0.06981317007977318 -0.026179938779914945 -0.013962634015954637
0.6000000000000001 9.5 1 0.06981317007977318 -0.026179938779914945 -0.013962634015954637
0.6000000000000001 9.600000000000001 0.9 0.04014257279586958 0.012217304763960306 -0.008726646259971648
0.6000000000000001 9.600000000000001 0.9 0.04014257279586958 0.012217304763960306 -0.008726646259971648
0.6000000000000001 9.600000000000001 0.9 0.04014257279586958 0.012217304763960306 -0.008726646259971648
0.6000000000000001 9.600000000000001 0.9 0.005235987755982989 0.04188790204786391 0.003490658503988659
0.6000000000000001 9.5 1 0.005235987755982989 0.04188790204786391 0.003490658503988659
0.6000000000000001 9.5 1 0.005235987755982989 0.04188790204786391 0.003490658503988659
0.6000000000000001 9.5 1 0.005235987755982989 0.04188790204786391 0.003490658503988659
0.6000000000000001 9.5 1 0.005235987755982989 0.04188790204786391 0.003490658503988659
0.6000000000000001 9.5 1 0.005235987755982989 0.04188790204786391 0.003490658503988659
0.6000000000000001 9.5 1 0.005235987755982989 0.04188790204786391 0.003490658503988659
0.6000000000000001 9.5 1.1 -0.017453292519943295 0.022689280275926284 0.005235987755982989
0.6000000000000001 9.5 1.1 -0.017453292519943295 0.022689280275926284 0.005235987755982989
0.6000000000000001 9.5 1.1 -0.017453292519943295 0.022689280275926284 0.005235987755982989
0.5 9.5 1 -0.024434609527920613 -0.022689280275926284 0
0.5 9.5 1 -0.024434609527920613 -0.022689280275926284 0
0.5 9.5 1 -0.024434609527920613 -0.022689280275926284 0
0.6000000000000001 9.600000000000001 1 -0.0471238898038469 -0.013962634015954637 0.013962634015954637
0.6000000000000001 9.600000000000001 1 -0.0471238898038469 -0.013962634015954637 0.013962634015954637
0.6000000000000001 9.600000000000001 1 -0.0471238898038469 -0.013962634015954637 0.013962634015954637
0.6000000000000001 9.600000000000001 1 -0.0471238898038469 -0.013962634015954637 0.013962634015954637
0.8 9.700000000000001 1.3 -0.06981317007977318 0.020943951023931956 0.024434609527920613
0.8 9.700000000000001 1.3 -0.06981317007977318 0.020943951023931956 0.024434609527920613
0.8 9.700000000000001 1.3 -0.06981317007977318 0.020943951023931956 0.024434609527920613
0.8 9.700000000000001 1.3 -0.06981317007977318 0.020943951023931956 0.024434609527920613
0.6000000000000001 9.600000000000001 1.4000000000000001 -0.048869219055841226 0.010471975511965978 0.012217304763960306
0.6000000000000001 9.600000000000001 1.4000000000000001 -0.048869219055841226 0.010471975511965978 0.012217304763960306
0.6000000000000001 9.600000000000001 1.4000000000000001 -0.048869219055841226 0.010471975511965978 0.012217304763960306
0.6000000000000001 9.600000000000001 1.4000000000000001 -0.048869219055841226 0.010471975511965978 0.012217304763960306
0.6000000000000001 9.600000000000001 1.4000000000000001 -0.048869219055841226 0.010471975511965978 0.012217304763960306
0.6000000000000001 9.600000000000001 1.4000000000000001 -0.048869219055841226 0.010471975511965978 0.012217304763960306
0.7000000000000001 9.600000000000001 1.3 -0.019198621771937624 -0.008726646259971648 0.017453292519943295
0.7000000000000001 9.600000000000001 1.3 -0.019198621771937624 -0.008726646259971648 0.017453292519943295
0.7000000000000001 9.600000000000001 1.3 -0.019198621771937624 -0.008726646259971648 0.017453292519943295
0.7000000000000001 9.600000000000001 1.3 -0.019198621771937624 -0.008726646259971648 0.017453292519943295
0.7000000000000001 9.700000000000001 1.3 -0.008726646259971648 -0.015707963267948967 0.005235987755982989
0.7000000000000001 9.700000000000001 1.3 -0.008726646259971648 -0.015707963267948967 0.005235987755982989
0.7000000000000001 9.700000000000001 1.2000000000000002 -0.017453292519943295 -0.008726646259971648 -0.017453292519943295
0.7000000000000001 9.700000000000001 1.2000000000000002 -0.017453292519943295 -0.008726646259971648 -0.017453292519943295
0.7000000000000001 9.700000000000001 1.2000000000000002 -0.017453292519943295 -0.008726646259971648 -0.017453292519943295
0.7000000000000001 9.700000000000001 1.2000000000000002 -0.017453292519943295 -0.008726646259971648 -0.017453292519943295
0.4 9.700000000000001 1.2000000000000002 -0.03316125578789226 0.006981317007977318 -0.017453292519943295
0.4 9.700000000000001 1.2000000000000002 -0.03316125578789226 0.006981317007977318 -0.017453292519943295
0.4 9.700000000000001 1.2000000000000002 -0.03316125578789226 0.006981317007977318 -0.017453292519943295
0.4 9.700000000000001 1.2000000000000002 -0.03316125578789226 0.006981317007977318 -0.017453292519943295
0.6000000000000001 9.600000000000001 1.4000000000000001 -0.03316125578789226 0.020943951023931956 0.013962634015954637
0.6000000000000001 9.600000000000001 1.4000000000000001 -0.03316125578789226 0.020943951023931956 0.013962634015954637
0.6000000000000001 9.600000000000001 1.4000000000000001 -0.03316125578789226 0.020943951023931956 0.013962634015954637
0.6000000000000001 9.600000000000001 1.4000000000000001 -0.03316125578789226 0.020943951023931956 0.013962634015954637
0.6000000000000001 9.600000000000001 1.4000000000000001 -0.03316125578789226 0.020943951023931956 0.013962634015954637
0.6000000000000001 9.600000000000001 1.4000000000000001 -0.03316125578789226 0.020943951023931956 0.013962634015954637
0.7000000000000001 9.600000000000001 1.3 -0.005235987755982989 -0.008726646259971648 -0.0017453292519943296
0.7000000000000001 9.600000000000001 1.3 -0.005235987755982989 -0.008726646259971648 -0.0017453292519943296
0.7000000000000001 9.600000000000001 1.3 -0.005235987755982989 -0.008726646259971648 -0.0017453292519943296
0.7000000000000001 9.600000000000001 1.3 -0.005235987755982989 -0.008726646259971648 -0.0017453292519943296
0.6000000000000001 9.600000000000001 1.2000000000000002 -0.003490658503988659 0.0017453292519943296 -0.017453292519943295
0.6000000000000001 9.600000000000001 1.2000000000000002 -0.003490658503988659 0.0017453292519943296 -0.017453292519943295
0.5 9.600000000000001 1.3 -0.006981317007977318 0.015707963267948967 -0.017453292519943295
0.5 9.600000000000001 1.3 -0.006981317007977318 0.015707963267948967 -0.017453292519943295
0.5 9.600000000000001 1.3 -0.006981317007977318 0.015707963267948967 -0.017453292519943295
0.5 9.600000000000001 1.3 -0.006981317007977318 0.015707963267948967 -0.017453292519943295
0.4 9.5 1.2000000000000002 0.005235987755982989 -0.003490658503988659 0
0.4 9.5 1.2000000000000002 0.005235987755982989 -0.003490658503988659 0
0.4 9.5 1.2000000000000002 0.005235987755982989 -0.003490658503988659 0
0.4 9.5 1.2000000000000002 0.005235987755982989 -0.003490658503988659 0
0.4 9.5 1.2000000000000002 0.008726646259971648 -0.012217304763960306 0.010471975511965978
0.4 9.5 1.2000000000000002 0.008726646259971648 -0.012217304763960306 0.010471975511965978
0.6000000000000001 9.5 1.2000000000000002 0.015707963267948967 -0.020943951023931956 0.008726646259971648
0.6000000000000001 9.5 1.2000000000000002 0.015707963267948967 -0.020943951023931956 0.008726646259971648
0.6000000000000001 9.5 1.2000000000000002 0.015707963267948967 -0.020943951023931956 0.008726646259971648
0.6000000000000001 9.5 1.2000000000000002 0.015707963267948967 -0.020943951023931956 0.008726646259971648
0.6000000000000001 9.5 1.1 0 -0.03665191429188092 -0.006981317007977318
0.6000000000000001 9.5 1.1 0 -0.03665191429188092 -0.006981317007977318
0.6000000000000001 9.5 1.1 0 -0.03665191429188092 -0.006981317007977318
0.6000000000000001 9.5 1.1 0 -0.03665191429188092 -0.006981317007977318
0.6000000000000001 9.600000000000001 1.2000000000000002 -0.04537856055185257 0.013962634015954637 -0.012217304763960306
0.6000000000000001 9.600000000000001 1.2000000000000002 -0.04537856055185257 0.013962634015954637 -0.012217304763960306
0.5 9.700000000000001 1.4000000000000001 -0.06283185307179587 0.019198621771937624 0.003490658503988659
0.5 9.700000000000001 1.4000000000000001 -0.06283185307179587 0.019198621771937624 0.003490658503988659
0.5 9.700000000000001 1.4000000000000001 -0.06283185307179587 0.019198621771937624 0.003490658503988659
0.5 9.700000000000001 1.4000000000000001 -0.06283185307179587 0.019198621771937624 0.003490658503988659
0.5 9.700000000000001 1.4000000000000001 -0.06283185307179587 0.019198621771937624 0.003490658503988659
0.5 9.700000000000001 1.4000000000000001 -0.06283185307179587 0.019198621771937624 0.003490658503988659
0.5 9.700000000000001 1.4000000000000001 -0.06283185307179587 0.019198621771937624 0.003490658503988659
0.7000000000000001 9.600000000000001 1.6 -0.03490658503988659 -0.010471975511965978 0.006981317007977318
0.7000000000000001 9.600000000000001 1.6 -0.03490658503988659 -0.010471975511965978 0.006981317007977318
0.7000000000000001 9.600000000000001 1.6 -0.03490658503988659 -0.010471975511965978 0.006981317007977318
0.6000000000000001 9.600000000000001 1.4000000000000001 0.015707963267948967 -0.031415926535897934 -0.026179938779914945
0.6000000000000001 9.600000000000001 1.4000000000000001 0.015707963267948967 -0.031415926535897934 -0.026179938779914945
0.6000000000000001 9.600000000000001 1.4000000000000001 0.015707963267948967 -0.031415926535897934 -0.026179938779914945
0.6000000000000001 9.600000000000001 1.4000000000000001 0.015707963267948967 -0.031415926535897934 -0.026179938779914945
0.4 9.700000000000001 1.2000000000000002 0.024434609527920613 -0.022689280275926284 -0.019198621771937624
0.4 9.700000000000001 1.2000000000000002 0.024434609527920613 -0.022689280275926284 -0.019198621771937624
0.4 9.700000000000001 1.2000000000000002 0.024434609527920613 -0.022689280275926284 -0.019198621771937624
0.4 9.700000000000001 1.2000000000000002 0.024434609527920613 -0.022689280275926284 -0.019198621771937624
0.4 9.600000000000001 1.2000000000000002 0.006981317007977318 -0.003490658503988659 0.005235987755982989
0.4 9.600000000000001 1.2000000000000002 0.006981317007977318 -0.003490658503988659 0.005235987755982989
0.6000000000000001 9.600000000000001 1.3 0.0017453292519943296 -0.003490658503988659 0.022689280275926284
0.6000000000000001 9.600000000000001 1.3 0.0017453292519943296 -0.003490658503988659 0.022689280275926284
0.6000000000000001 9.600000000000001 1.3 0.0017453292519943296 -0.003490658503988659 0.022689280275926284
0.6000000000000001 9.600000000000001 1.3 0.0017453292519943296 -0.003490658503988659 0.022689280275926284
0.6000000000000001 9.600000000000001 1.3 0.0017453292519943296 -0.003490658503988659 0.022689280275926284
0.6000000000000001 9.600000000000001 1.3 0.0017453292519943296 -0.003490658503988659 0.022689280275926284
0.6000000000000001 9.600000000000001 1.3 0.0017453292519943296 -0.003490658503988659 0.022689280275926284
0.8 9.600000000000001 1.4000000000000001 0.017453292519943295 -0.031415926535897934 0.006981317007977318
0.8 9.600000000000001 1.4000000000000001 0.017453292519943295 -0.031415926535897934 0.006981317007977318
0.8 9.600000000000001 1.4000000000000001 0.017453292519943295 -0.031415926535897934 0.006981317007977318
0.7000000000000001 9.700000000000001 1.3 0.029670597283903602 -0.05235987755982989 -0.03665191429188092
0.7000000000000001 9.700000000000001 1.3 0.029670597283903602 -0.05235987755982989 -0.03665191429188092
0.7000000000000001 9.700000000000001 1.3 0.029670597283903602 -0.05235987755982989 -0.03665191429188092
0.7000000000000001 9.700000000000001 1.3 0.029670597283903602 -0.05235987755982989 -0.03665191429188092
0.5 9.600000000000001 1.2000000000000002 0.019198621771937624 -0.03490658503988659 -0.04363323129985824
0.5 9.600000000000001 1.2000000000000002 0.019198621771937624 -0.03490658503988659 -0.04363323129985824
0.6000000000000001 9.600000000000001 1.3 0.010471975511965978 -0.012217304763960306 -0.020943951023931956
0.6000000000000001 9.600000000000001 1.3 0.010471975511965978 -0.012217304763960306 -0.020943951023931956
0.6000000000000001 9.600000000000001 1.3 0.010471975511965978 -0.012217304763960306 -0.020943951023931956
0.6000000000000001 9.600000000000001 1.3 0.010471975511965978 -0.012217304763960306 -0.020943951023931956
0.6000000000000001 9.5 1.2000000000000002 0.006981317007977318 -0.013962634015954637 -0.029670597283903602
0.6000000000000001 9.5 1.2000000000000002 0.006981317007977318 -0.013962634015954637 -0.029670597283903602
0.6000000000000001 9.5 1.2000000000000002 0.006981317007977318 -0.013962634015954637 -0.029670597283903602
0.6000000000000001 9.5 1.2000000000000002 0.006981317007977318 -0.013962634015954637 -0.029670597283903602
0.6000000000000001 9.5 1.2000000000000002 0.006981317007977318 -0.013962634015954637 -0.029670597283903602
0.6000000000000001 9.5 1.2000000000000002 0.006981317007977318 -0.013962634015954637 -0.029670597283903602
0.5 9.5 1.2000000000000002 -0.005235987755982989 -0.029670597283903602 -0.03490658503988659
0.5 9.5 1.2000000000000002 -0.005235987755982989 -0.029670597283903602 -0.03490658503988659
0.5 9.5 1.2000000000000002 -0.005235987755982989 -0.029670597283903602 -0.03490658503988659
0.5 9.5 1.2000000000000002 -0.005235987755982989 -0.029670597283903602 -0.03490658503988659
0.4 9.5 1.1 -0.019198621771937624 -0.013962634015954637 -0.03316125578789226
0.4 9.5 1.1 -0.019198621771937624 -0.013962634015954637 -0.03316125578789226
0.4 9.5 1.1 -0.019198621771937624 -0.013962634015954637 -0.03316125578789226
0.4 9.5 1.1 -0.019198621771937624 -0.013962634015954637 -0.03316125578789226
0.7000000000000001 9.600000000000001 1.2000000000000002 -0.03839724354387525 -0.012217304763960306 -0.031415926535897934
0.7000000000000001 9.600000000000001 1.2000000000000002 -0.03839724354387525 -0.012217304763960306 -0.031415926535897934
0.7000000000000001 9.600000000000001 1.2000000000000002 -0.03839724354387525 -0.012217304763960306 -0.031415926535897934
0.7000000000000001 9.600000000000001 1.2000000000000002 -0.03839724354387525 -0.012217304763960306 -0.031415926535897934
0.7000000000000001 9.600000000000001 1.2000000000000002 -0.03839724354387525 -0.012217304763960306 -0.031415926535897934
0.7000000000000001 9.600000000000001 1.2000000000000002 -0.03839724354387525 -0.012217304763960306 -0.031415926535897934
0.7000000000000001 9.600000000000001 1.3 -0.04537856055185257 -0.022689280275926284 -0.08377580409572782
0.7000000000000001 9.600000000000001 1.3 -0.04537856055185257 -0.022689280275926284 -0.08377580409572782
0.7000000000000001 9.600000000000001 1.3 -0.04537856055185257 -0.022689280275926284 -0.08377580409572782
0.7000000000000001 9.600000000000001 1.3 -0.04537856055185257 -0.022689280275926284 -0.08377580409572782
0.1 9.700000000000001 1.3 -0.03839724354387525 -0.005235987755982989 -0.09250245035569947
0.1 9.700000000000001 1.3 -0.03839724354387525 -0.005235987755982989 -0.09250245035569947
0.30000000000000004 9.8 1.6 0.006981317007977318 -0.09250245035569947 -0.03839724354387525
0.30000000000000004 9.8 1.6 0.006981317007977318 -0.09250245035569947 -0.03839724354387525
0.30000000000000004 9.8 1.6 0.006981317007977318 -0.09250245035569947 -0.03839724354387525
0.30000000000000004 9.8 1.6 0.006981317007977318 -0.09250245035569947 -0.03839724354387525
1 10 1.3 0.12042771838760874 -0.3368485456349056 -0.061086523819801536
1 10 1.3 0.12042771838760874 -0.3368485456349056 -0.061086523819801536
1 10 1.3 0.12042771838760874 -0.3368485456349056 -0.061086523819801536
1 10 1.3 0.12042771838760874 -0.3368485456349056 -0.061086523819801536
1 10.700000000000001 0.9 0.2426007660272118 -0.8395033702092726 -0.16406094968746698
1 10.700000000000001 0.9 0.2426007660272118 -0.8395033702092726 -0.16406094968746698
1 10.700000000000001 0.9 0.2426007660272118 -0.8395033702092726 -0.16406094968746698
1 10.700000000000001 0.9 0.2426007660272118 -0.8395033702092726 -0.16406094968746698
1 10.700000000000001 0.9 0.2426007660272118 -0.8395033702092726 -0.16406094968746698
1 10.700000000000001 0.9 0.2426007660272118 -0.8395033702092726 -0.16406094968746698
0.9 11.700000000000001 1.1 0.4084070449666731 -1.254891732183923 -0.26529004630313807
0.9 11.700000000000001 1.1 0.4084070449666731 -1.254891732183923 -0.26529004630313807
0.9 11.700000000000001 1.1 0.4084070449666731 -1.254891732183923 -0.26529004630313807
0.9 11.700000000000001 1.1 0.4084070449666731 -1.254891732183923 -0.26529004630313807
0.8 13.3 0.9 0.8028514559173916 -1.8605209826259554 -0.5061454830783556
0.8 13.3 0.9 0.8028514559173916 -1.8605209826259554 -0.5061454830783556
1 15.100000000000001 0.9 1.439896632895322 -2.2270401255447645 -0.9354964790689606
1 15.100000000000001 0.9 1.439896632895322 -2.2270401255447645 -0.9354964790689606
1 15.100000000000001 0.9 1.439896632895322 -2.2270401255447645 -0.9354964790689606
1 15.100000000000001 0.9 1.439896632895322 -2.2270401255447645 -0.9354964790689606
-0.1 16.8 1.3 2.323033234404453 -2.2951079663725436 -1.4870205226991688
-0.1 16.8 1.3 2.323033234404453 -2.2951079663725436 -1.4870205226991688
-0.1 16.8 1.3 2.323033234404453 -2.2951079663725436 -1.4870205226991688
-0.1 16.8 1.3 2.323033234404453 -2.2951079663725436 -1.4870205226991688
-0.8 18.5 0.2 3.162536604613725 -2.5394540616517496 -2.0367992370773824
-0.8 18.5 0.2 3.162536604613725 -2.5394540616517496 -2.0367992370773824
-0.8 18.5 0.2 3.162536604613725 -2.5394540616517496 -2.0367992370773824
-0.8 18.5 0.2 3.162536604613725 -2.5394540616517496 -2.0367992370773824
-0.8 18.5 0.2 3.162536604613725 -2.5394540616517496 -2.0367992370773824
-0.8 18.5 0.2 3.162536604613725 -2.5394540616517496 -2.0367992370773824
-1.3 19.1 -1 3.7489672332838198 -2.4923301718479025 -2.8571039855147173
-1.3 19.1 -1 3.7489672332838198 -2.4923301718479025 -2.8571039855147173
-1.3 19.1 -1 3.7489672332838198 -2.4923301718479025 -2.8571039855147173
-1.3 19.1 -1 3.7489672332838198 -2.4923301718479025 -2.8571039855147173
-3.7 18.5 -1.9000000000000001 4.372049776245795 -2.33001455141243 -3.9147735122232814
-3.7 18.5 -1.9000000000000001 4.372049776245795 -2.33001455141243 -3.9147735122232814
-8 17.2 -4.1000000000000005 4.97418836818384 -2.3265238929084413 -4.8118727477483665
-8 17.2 -4.1000000000000005 4.97418836818384 -2.3265238929084413 -4.8118727477483665
-8 17.2 -4.1000000000000005 4.97418836818384 -2.3265238929084413 -4.8118727477483665
-8 17.2 -4.1000000000000005 4.97418836818384 -2.3265238929084413 -4.8118727477483665
-10.8 15.4 -8 5.06320016003555 -2.452187599052033 -5.232497097479
-10.8 15.4 -8 5.06320016003555 -2.452187599052033 -5.232497097479
-10.8 15.4 -8 5.06320016003555 -2.452187599052033 -5.232497097479
-10.8 15.4 -8 5.06320016003555 -2.452187599052033 -5.232497097479
-12 14.100000000000001 -10.100000000000001 4.331907203449926 -2.588323280707591 -5.2586770362589155
-12 14.100000000000001 -10.100000000000001 4.331907203449926 -2.588323280707591 -5.2586770362589155
-12 14.100000000000001 -10.100000000000001 4.331907203449926 -2.588323280707591 -5.2586770362589155
-12 14.100000000000001 -10.100000000000001 4.331907203449926 -2.588323280707591 -5.2586770362589155
-12 14.100000000000001 -10.100000000000001 4.331907203449926 -2.588323280707591 -5.2586770362589155
-12 14.100000000000001 -10.100000000000001 4.331907203449926 -2.588323280707591 -5.2586770362589155
-10.100000000000001 13.100000000000001 -9.5 3.0368728984701336 -2.398082392240209 -5.0317842334996525
-10.100000000000001 13.100000000000001 -9.5 3.0368728984701336 -2.398082392240209 -5.0317842334996525
-10.100000000000001 13.100000000000001 -9.5 3.0368728984701336 -2.398082392240209 -5.0317842334996525
-10.100000000000001 13.100000000000001 -9.5 3.0368728984701336 -2.398082392240209 -5.0317842334996525
-10.5 11.700000000000001 -5.5 1.6982053621904827 -2.0734511513692637 -4.792674125976429
-10.5 11.700000000000001 -5.5 1.6982053621904827 -2.0734511513692637 -4.792674125976429
-9.5 9.700000000000001 0.5 1.1414453308042916 -2.0245819323134224 -4.223696789826278
-9.5 9.700000000000001 0.5 1.1414453308042916 -2.0245819323134224 -4.223696789826278
-9.5 9.700000000000001 0.5 1.1414453308042916 -2.0245819323134224 -4.223696789826278
-9.5 9.700000000000001 0.5 1.1414453308042916 -2.0245819323134224 -4.223696789826278
-6.7 6.7 3.9000000000000004 1.5323990832510215 -2.158972284716986 -3.673918075448064
-6.7 6.7 3.9000000000000004 1.5323990832510215 -2.158972284716986 -3.673918075448064
-6.7 6.7 3.9000000000000004 1.5323990832510215 -2.158972284716986 -3.673918075448064
-6.7 6.7 3.9000000000000004 1.5323990832510215 -2.158972284716986 -3.673918075448064
-6.7 6.7 3.9000000000000004 1.9233528356977512 -2.0734511513692637 -3.373721444105039
-6.7 6.7 3.9000000000000004 1.9233528356977512 -2.0734511513692637 -3.373721444105039
-4.800000000000001 4.3 3.4000000000000004 2.314306588144481 -1.9233528356977512 -3.080506129769992
-4.800000000000001 4.3 3.4000000000000004 2.314306588144481 -1.9233528356977512 -3.080506129769992
-4.800000000000001 4.3 3.4000000000000004 2.314306588144481 -1.9233528356977512 -3.080506129769992
-4.800000000000001 4.3 3.4000000000000004 2.314306588144481 -1.9233528356977512 -3.080506129769992
-2.9000000000000004 2.7 1.4000000000000001 2.813470754214859 -1.6266468628587152 -2.2165681500327987
-2.9000000000000004 2.7 1.4000000000000001 2.813470754214859 -1.6266468628587152 -2.2165681500327987
-2.9000000000000004 2.7 1.4000000000000001 2.813470754214859 -1.6266468628587152 -2.2165681500327987
-2.9000000000000004 2.7 1.4000000000000001 2.813470754214859 -1.6266468628587152 -2.2165681500327987
1.1 1.9000000000000001 -2.8000000000000003 2.876302607286655 -1.3072516097437528 -1.160643952576229
1.1 1.9000000000000001 -2.8000000000000003 2.876302607286655 -1.3072516097437528 -1.160643952576229
5.5 1.2000000000000002 -4.4 2.2724186860966173 -0.9110618695410401 -0.3403392041388943
5.5 1.2000000000000002 -4.4 2.2724186860966173 -0.9110618695410401 -0.3403392041388943
5.5 1.2000000000000002 -4.4 2.2724186860966173 -0.9110618695410401 -0.3403392041388943
5.5 1.2000000000000002 -4.4 2.2724186860966173 -0.9110618695410401 -0.3403392041388943
8.6 -0.2 -4.800000000000001 1.5079644737231008 -0.8796459430051421 0.026179938779914945
8.6 -0.2 -4.800000000000001 1.5079644737231008 -0.8796459430051421 0.026179938779914945
8.6 -0.2 -4.800000000000001 1.5079644737231008 -0.8796459430051421 0.026179938779914945
8.6 -0.2 -4.800000000000001 1.5079644737231008 -0.8796459430051421 0.026179938779914945
8.6 -0.2 -4.800000000000001 1.5079644737231008 -0.8796459430051421 0.026179938779914945
8.6 -0.2 -4.800000000000001 1.5079644737231008 -0.8796459430051421 0.026179938779914945
8.6 -1.4000000000000001 -2.5 0.8290313946973066 -0.5445427266222308 0.158824961931484
8.6 -1.4000000000000001 -2.5 0.8290313946973066 -0.5445427266222308 0.158824961931484
8.6 -1.4000000000000001 -2.5 0.8290313946973066 -0.5445427266222308 0.158824961931484
8.6 -1.4000000000000001 -2.5 0.8290313946973066 -0.5445427266222308 0.158824961931484
7.300000000000001 -3.1 -1.4000000000000001 0.6230825429619756 -0.2949606435870417 0.39968039870670147
7.300000000000001 -3.1 -1.4000000000000001 0.6230825429619756 -0.2949606435870417 0.39968039870670147
7.300000000000001 -3.1 -1.4000000000000001 0.6230825429619756 -0.2949606435870417 0.39968039870670147
7.300000000000001 -3.1 -1.4000000000000001 0.6230825429619756 -0.2949606435870417 0.39968039870670147
7.7 -4.800000000000001 -2 0.466002910282486 0.10297442586766545 0.5986479334340551
7.7 -4.800000000000001 -2 0.466002910282486 0.10297442586766545 0.5986479334340551
7.5 -6.9 -2.6 0.08726646259971647 0.4014257279586958 0.3036872898470134
7.5 -6.9 -2.6 0.08726646259971647 0.4014257279586958 0.3036872898470134
7.5 -6.9 -2.6 0.08726646259971647 0.4014257279586958 0.3036872898470134
7.5 -6.9 -2.6 0.08726646259971647 0.4014257279586958 0.3036872898470134
7.5 -6.9 -2.6 0.08726646259971647 0.4014257279586958 0.3036872898470134
7.5 -6.9 -2.6 0.08726646259971647 0.4014257279586958 0.3036872898470134
7.5 -6.9 -2.6 0.08726646259971647 0.4014257279586958 0.3036872898470134
7.5 -6.9 -2.6 0.08726646259971647 0.4014257279586958 0.3036872898470134
2.1 -6 -2.4000000000000004 -0.4084070449666731 0.5602506898901798 0.027925268031909273
2.1 -6 -2.4000000000000004 -0.4084070449666731 0.5602506898901798 0.027925268031909273
-2.3000000000000003 -4.800000000000001 -1.7000000000000002 -0.7801621756414653 0.8429940287132612 0.6614797865058509
-2.3000000000000003 -4.800000000000001 -1.7000000000000002 -0.7801621756414653 0.8429940287132612 0.6614797865058509
-2.3000000000000003 -4.800000000000001 -1.7000000000000002 -0.7801621756414653 0.8429940287132612 0.6614797865058509
-2.3000000000000003 -4.800000000000001 -1.7000000000000002 -0.7801621756414653 0.8429940287132612 0.6614797865058509
-1.4000000000000001 -4.3 -1.8 -1.0018189906447452 0.9128071987930344 1.8221237390820801
-1.4000000000000001 -4.3 -1.8 -1.0018189906447452 0.9128071987930344 1.8221237390820801
-1.4000000000000001 -4.3 -1.8 -1.0018189906447452 0.9128071987930344 1.8221237390820801
-1.4000000000000001 -4.3 -1.8 -1.0018189906447452 0.9128071987930344 1.8221237390820801
-0.30000000000000004 -3.3000000000000003 -3.5 -1.4119713648634127 1.0140362954087054 2.6162485487395
-0.30000000000000004 -3.3000000000000003 -3.5 -1.4119713648634127 1.0140362954087054 2.6162485487395
0 -2.9000000000000004 -3.7 -2.244493418064708 1.335176877775662 3.0543261909900767
0 -2.9000000000000004 -3.7 -2.244493418064708 1.335176877775662 3.0543261909900767
0 -2.9000000000000004 -3.7 -2.244493418064708 1.335176877775662 3.0543261909900767
0 -2.9000000000000004 -3.7 -2.244493418064708 1.335176877775662 3.0543261909900767
-0.2 -2.2 -3.4000000000000004 -2.672099084803319 1.4067353771074296 3.162536604613725
-0.2 -2.2 -3.4000000000000004 -2.672099084803319 1.4067353771074296 3.162536604613725
-0.2 -2.2 -3.4000000000000004 -2.672099084803319 1.4067353771074296 3.162536604613725
-0.2 -2.2 -3.4000000000000004 -2.672099084803319 1.4067353771074296 3.162536604613725
-2.2 -1.3 -2.9000000000000004 -3.0787608005179976 1.3997540600994522 3.251548396465436
-2.2 -1.3 -2.9000000000000004 -3.0787608005179976 1.3997540600994522 3.251548396465436
-7.4 2.8000000000000003 -2.3000000000000003 -4.160864936754482 1.137954672300303 3.4714598822167217
-7.4 2.8000000000000003 -2.3000000000000003 -4.160864936754482 1.137954672300303 3.4714598822167217
-7.4 2.8000000000000003 -2.3000000000000003 -4.160864936754482 1.137954672300303 3.4714598822167217
-7.4 2.8000000000000003 -2.3000000000000003 -4.160864936754482 1.137954672300303 3.4714598822167217
-8.3 6.4 4 -5.529203070318036 1.0332349171806432 3.86590429316744
-8.3 6.4 4 -5.529203070318036 1.0332349171806432 3.86590429316744
-8.3 6.4 4 -5.529203070318036 1.0332349171806432 3.86590429316744
-8.3 6.4 4 -5.529203070318036 1.0332349171806432 3.86590429316744
-9.9 9 11.5 -4.843288674284264 1.13271868454432 3.6774087339520523
-9.9 9 11.5 -4.843288674284264 1.13271868454432 3.6774087339520523
-9.9 9 11.5 -4.843288674284264 1.13271868454432 3.6774087339520523
-9.9 9 11.5 -4.843288674284264 1.13271868454432 3.6774087339520523
-9.9 9 11.5 -4.843288674284264 1.13271868454432 3.6774087339520523
-9.9 9 11.5 -4.843288674284264 1.13271868454432 3.6774087339520523
-9.3 13.600000000000001 5.2 -3.0421088862261163 0.14835298641951802 3.920009499979264
-9.3 13.600000000000001 5.2 -3.0421088862261163 0.14835298641951802 3.920009499979264
-9.3 13.600000000000001 5.2 -3.0421088862261163 0.14835298641951802 3.920009499979264
-9.3 13.600000000000001 5.2 -3.0421088862261163 0.14835298641951802 3.920009499979264
-8.4 17.6 0.6000000000000001 -2.7628562059070236 0.4014257279586958 3.6145768808802567
-8.4 17.6 0.6000000000000001 -2.7628562059070236 0.4014257279586958 3.6145768808802567
-7.7 17.7 -0.9 -2.715732316103177 0.7958701389094143 3.314380249537232
-7.7 17.7 -0.9 -2.715732316103177 0.7958701389094143 3.314380249537232
-7.7 17.7 -0.9 -2.715732316103177 0.7958701389094143 3.314380249537232
-7.7 17.7 -0.9 -2.715732316103177 0.7958701389094143 3.314380249537232
-4.9 18.3 -2.4000000000000004 -2.965314399138366 0.5113814708343386 2.975786374650332
-4.9 18.3 -2.4000000000000004 -2.965314399138366 0.5113814708343386 2.975786374650332
-4.9 18.3 -2.4000000000000004 -2.965314399138366 0.5113814708343386 2.975786374650332
-4.9 18.3 -2.4000000000000004 -2.965314399138366 0.5113814708343386 2.975786374650332
-4.9 19.700000000000003 2.7 -2.9530970943744057 0.9738937226128359 2.139773662945048
-4.9 19.700000000000003 2.7 -2.9530970943744057 0.9738937226128359 2.139773662945048
-4.9 19.700000000000003 2.7 -2.9530970943744057 0.9738937226128359 2.139773662945048
-4.9 19.700000000000003 2.7 -2.9530970943744057 0.9738937226128359 2.139773662945048
-4.9 19.700000000000003 2.7 -2.9530970943744057 0.9738937226128359 2.139773662945048
-4.9 19.700000000000003 2.7 -2.9530970943744057 0.9738937226128359 2.139773662945048
