3.4000000000000004 7.300000000000001 -5.5 0.2181661564992912 -0.03839724354387525 -0.03316125578789226
3.4000000000000004 7.300000000000001 -5.5 0.22165681500327986 -0.027925268031909273 -0.10995574287564276
2.8000000000000003 7 -6.1000000000000005 0.22165681500327986 -0.027925268031909273 -0.10995574287564276
2.8000000000000003 7 -6.1000000000000005 0.11344640137963143 -0.1291543646475804 0.013962634015954637
2.8000000000000003 7 -6.1000000000000005 0.11344640137963143 -0.1291543646475804 0.013962634015954637
2.9000000000000004 7 -5.6000000000000005 0.05585053606381855 -0.10471975511965978 0.03490658503988659
2.9000000000000004 7 -5.6000000000000005 0.1291543646475804 -0.08028514559173916 0.024434609527920613
2.7 7 -5.5 0.1291543646475804 -0.08028514559173916 0.024434609527920613
2.7 7 -5.5 0.1291543646475804 -0.08028514559173916 0.024434609527920613
2.7 7 -5.5 0.1291543646475804 -0.08028514559173916 0.024434609527920613
3.1 6.800000000000001 -5.9 0.30543261909900765 -0.0890117918517108 0.10122909661567112
3.1 6.800000000000001 -5.9 0.30543261909900765 -0.0890117918517108 0.10122909661567112
2.8000000000000003 6.9 -6.300000000000001 0.30543261909900765 -0.0890117918517108 0.10122909661567112
2.8000000000000003 6.9 -6.300000000000001 0.2949606435870417 -0.10646508437165411 0.048869219055841226
2.8000000000000003 6.9 -6.300000000000001 0.2949606435870417 -0.10646508437165411 0.048869219055841226
3 6.800000000000001 -6.6000000000000005 0.19373154697137057 -0.11519173063162576 0.020943951023931956
3 6.800000000000001 -6.6000000000000005 0.06283185307179587 0.012217304763960306 -0.0471238898038469
3 6.800000000000001 -6.4 0.06283185307179587 0.012217304763960306 -0.0471238898038469
2.6 6.800000000000001 -6.1000000000000005 -0.022689280275926284 0.12566370614359174 -0.06283185307179587
2.6 6.800000000000001 -6.1000000000000005 -0.022689280275926284 0.12566370614359174 -0.06283185307179587
2.6 6.800000000000001 -6.1000000000000005 -0.022689280275926284 0.12566370614359174 -0.06283185307179587
2.6 6.800000000000001 -6.1000000000000005 -0.029670597283903602 0.1413716694115407 -0.010471975511965978
2.9000000000000004 6.800000000000001 -5.7 -0.029670597283903602 0.1413716694115407 -0.010471975511965978
2.9000000000000004 6.800000000000001 -5.7 0.03316125578789226 0.0645771823237902 0.015707963267948967
2.9000000000000004 6.800000000000001 -5.7 0.03316125578789226 0.0645771823237902 0.015707963267948967
2.9000000000000004 6.800000000000001 -5.9 0.0767944870877505 0.003490658503988659 -0.013962634015954637
2.9000000000000004 6.800000000000001 -5.9 0.0471238898038469 0.031415926535897934 -0.010471975511965978
2.7 6.9 -6.1000000000000005 0.0471238898038469 0.031415926535897934 -0.010471975511965978
2.7 6.9 -6.1000000000000005 0.0471238898038469 0.031415926535897934 -0.010471975511965978
2.7 6.9 -6.1000000000000005 0.0471238898038469 0.031415926535897934 -0.010471975511965978
2.8000000000000003 6.9 -5.9 0.019198621771937624 0.0890117918517108 -0.005235987755982989
2.8000000000000003 6.9 -5.9 0.048869219055841226 0.061086523819801536 -0.005235987755982989
2.9000000000000004 6.9 -5.9 0.048869219055841226 0.061086523819801536 -0.005235987755982989
3 6.9 -6 0.08726646259971647 -0.006981317007977318 -0.005235987755982989
3 6.9 -6 0.08726646259971647 -0.006981317007977318 -0.005235987755982989
3 6.9 -6.1000000000000005 0.0767944870877505 0.0017453292519943296 0.0017453292519943296
3 6.9 -6.1000000000000005 0.0767944870877505 0.0017453292519943296 0.0017453292519943296
3 6.9 -6.2 0.0767944870877505 0.0017453292519943296 0.0017453292519943296
3 6.9 -6.2 0.09599310885968813 0.005235987755982989 -0.019198621771937624
3 6.9 -6.2 0.09599310885968813 0.005235987755982989 -0.019198621771937624
2.9000000000000004 6.9 -6.4 0.07504915783575618 0.020943951023931956 -0.020943951023931956
2.9000000000000004 6.9 -6.4 0.05061454830783556 0.012217304763960306 -0.03839724354387525
3.1 6.800000000000001 -6.300000000000001 0.05061454830783556 0.012217304763960306 -0.03839724354387525
2.7 6.9 -6.4 0.026179938779914945 0.019198621771937624 -0.05235987755982989
2.7 6.9 -6.4 0.026179938779914945 0.019198621771937624 -0.05235987755982989
3 6.800000000000001 -6 0.027925268031909273 0.013962634015954637 -0.026179938779914945
3 6.800000000000001 -6 0.027925268031909273 0.013962634015954637 -0.026179938779914945
2.9000000000000004 6.9 -6.1000000000000005 0.027925268031909273 0.013962634015954637 -0.026179938779914945
2.9000000000000004 6.9 -6.1000000000000005 0.10471975511965978 -0.019198621771937624 -0.012217304763960306
2.9000000000000004 6.9 -6.1000000000000005 0.10471975511965978 -0.019198621771937624 -0.012217304763960306
3.2 6.800000000000001 -6.2 0.1361356816555577 -0.06806784082777885 0.03839724354387525
3.4000000000000004 6.9 -6.300000000000001 0.1832595714594046 -0.11868238913561441 0.0017453292519943296
3.4000000000000004 6.9 -6.300000000000001 0.1832595714594046 -0.11868238913561441 0.0017453292519943296
3.4000000000000004 6.800000000000001 -6.300000000000001 0.19024088846738194 -0.10995574287564276 -0.019198621771937624
3.4000000000000004 6.800000000000001 -6.300000000000001 0.19024088846738194 -0.10995574287564276 -0.019198621771937624
3.2 6.9 -6 0.2426007660272118 -0.1710422666954443 -0.013962634015954637
3.2 6.9 -6 0.2426007660272118 -0.1710422666954443 -0.013962634015954637
3.3000000000000003 6.9 -5.800000000000001 0.2426007660272118 -0.1710422666954443 -0.013962634015954637
3.3000000000000003 6.9 -5.800000000000001 0.37350045992678654 -0.2775073510670984 0.04537856055185257
3.3000000000000003 6.9 -5.800000000000001 0.37350045992678654 -0.2775073510670984 0.04537856055185257
3.6 6.800000000000001 -6 0.5375614096142535 -0.37350045992678654 0.10821041362364843
3.6 6.800000000000001 -6 0.6492624817418906 -0.4328416544945937 0.09773843811168245
3.7 6.6000000000000005 -6.300000000000001 0.6492624817418906 -0.4328416544945937 0.09773843811168245
3.6 6.2 -6.2 0.7679448708775051 -0.46949356878647464 0.07330382858376185
3.6 6.2 -6.2 0.7679448708775051 -0.46949356878647464 0.07330382858376185
2.9000000000000004 5.800000000000001 -7.1000000000000005 0.8866272600131194 -0.46076692252650303 0.027925268031909273
2.9000000000000004 5.800000000000001 -7.1000000000000005 0.8866272600131194 -0.46076692252650303 0.027925268031909273
1.9000000000000001 5.5 -7.6000000000000005 0.8866272600131194 -0.46076692252650303 0.027925268031909273
1.9000000000000001 5.5 -7.6000000000000005 0.8813912722571364 -0.3368485456349056 0.06283185307179587
1.9000000000000001 5.5 -7.6000000000000005 0.8813912722571364 -0.3368485456349056 0.06283185307179587
0.30000000000000004 5.800000000000001 -7.9 0.9354964790689606 -0.24958208303518914 0.12740903539558607
0.30000000000000004 5.800000000000001 -7.9 1.2077678423800762 -0.2775073510670984 0.2827433388230814
-1.8 6.9 -8.4 1.2077678423800762 -0.2775073510670984 0.2827433388230814
-4.1000000000000005 9.200000000000001 -9.8 1.8151424220741028 -0.4677482395344803 0.42586033748661645
-4.1000000000000005 9.200000000000001 -9.8 1.8151424220741028 -0.4677482395344803 0.42586033748661645
-7.4 12.200000000000001 -13.5 2.5569073541716927 -0.7033676885537148 0.4136430327226561
-7.4 12.200000000000001 -13.5 2.5569073541716927 -0.7033676885537148 0.4136430327226561
-10.200000000000001 14.5 -19 2.5569073541716927 -0.7033676885537148 0.4136430327226561
-10.200000000000001 14.5 -19 2.998475654926258 -1.3089969389957472 0.31590459461097364
-10.200000000000001 14.5 -19 2.998475654926258 -1.3089969389957472 0.31590459461097364
-11 14.8 -20.900000000000002 2.5394540616517496 -2.0734511513692637 -0.19722220547535924
-11 14.8 -20.900000000000002 1.6929693744344998 -2.035053907825388 -0.8953539062730911
-14.200000000000001 8.3 -12.600000000000001 1.0122909661567112 -1.99142067652553 -1.424188669627373
-14.200000000000001 8.3 -12.600000000000001 1.0122909661567112 -1.99142067652553 -1.424188669627373
-15.100000000000001 2.5 -6.800000000000001 1.0122909661567112 -1.99142067652553 -1.424188669627373
-15.100000000000001 2.5 -6.800000000000001 0.8272860654453122 -2.7611108766550294 -1.8395770316020235
-15.100000000000001 2.5 -6.800000000000001 0.8272860654453122 -2.7611108766550294 -1.8395770316020235
-18 -3 -1.1 1.0890854532444616 -3.035127569218139 -0.8377580409572782
-18 -3 -1.1 1.0890854532444616 -3.035127569218139 -0.8377580409572782
-14.200000000000001 -7 2 2.4364796357840843 -0.8482300164692442 2.7995081201989045
-14.200000000000001 -7 2 3.1764992386296798 0.4380776422505767 4.850269991292242
11.100000000000001 -12.9 -3.5 3.1764992386296798 0.4380776422505767 4.850269991292242
11.100000000000001 -12.9 -3.5 3.5936329298563248 0.9023352232810684 6.070255138436278
11.100000000000001 -12.9 -3.5 3.5936329298563248 0.9023352232810684 6.070255138436278
30.1 -15 -6.2 2.7890361446869387 0.9913470151327792 5.681046715241543
30.1 -15 -6.2 1.8430676901060121 1.2985249634837812 5.101597403579426
27.900000000000002 -12.600000000000001 3 1.8430676901060121 1.2985249634837812 5.101597403579426
35.800000000000004 -5.4 -1.4000000000000001 2.452187599052033 0.4886921905584123 4.632103834792951
35.800000000000004 -5.4 -1.4000000000000001 2.452187599052033 0.4886921905584123 4.632103834792951
40 -1.3 -8.5 1.244419756671957 -0.024434609527920613 1.2217304763960306
40 -1.3 -8.5 1.244419756671957 -0.024434609527920613 1.2217304763960306
28.5 -6.300000000000001 -2.7 1.244419756671957 -0.024434609527920613 1.2217304763960306
28.5 -6.300000000000001 -2.7 -0.7696902001294994 0.31590459461097364 -2.8518679977587347
28.5 -6.300000000000001 -2.7 -0.7696902001294994 0.31590459461097364 -2.8518679977587347
20.400000000000002 -10.700000000000001 3.4000000000000004 -1.2199851471440364 0.061086523819801536 -3.883357585687383
20.400000000000002 -10.700000000000001 3.4000000000000004 -0.614355896702004 -0.5986479334340551 -3.3004176155212774
21.400000000000002 -10.200000000000001 2.2 -0.614355896702004 -0.5986479334340551 -3.3004176155212774
20.900000000000002 -8.3 -7.300000000000001 -0.6422811647339133 -0.14835298641951802 -3.01941960595019
20.900000000000002 -8.3 -7.300000000000001 -0.6422811647339133 -0.14835298641951802 -3.01941960595019
13.100000000000001 -6.1000000000000005 -9.9 -1.8779742751458985 2.1537362969610028 -3.447025272688801
13.100000000000001 -6.1000000000000005 -9.9 -1.8779742751458985 2.1537362969610028 -3.447025272688801
-1.3 -3.5 -9.3 -1.8779742751458985 2.1537362969610028 -3.447025272688801
-1.3 -3.5 -9.3 -2.2218041377887814 3.2271137869375153 -3.5011304795006253
-1.3 -3.5 -9.3 -2.2218041377887814 3.2271137869375153 -3.5011304795006253
-9.8 1.1 -12 -1.8099064343181197 2.827433388230814 -2.5830872929516078
-9.8 1.1 -12 -1.4014993893514467 2.6878070480712677 -1.5393804002589988
-12.3 4.800000000000001 -16.5 -1.4014993893514467 2.6878070480712677 -1.5393804002589988
-11.600000000000001 5.5 -22.3 -1.439896632895322 3.347541505325124 -0.9005898940290741
-11.600000000000001 5.5 -22.3 -1.439896632895322 3.347541505325124 -0.9005898940290741
-11.4 6.300000000000001 -23.8 -2.1101030656611446 3.6093408931242736 -0.7155849933176751
-11.4 6.300000000000001 -23.8 -2.1101030656611446 3.6093408931242736 -0.7155849933176751
-10.100000000000001 5.7 -23.3 -2.1101030656611446 3.6093408931242736 -0.7155849933176751
-10.100000000000001 5.7 -23.3 -2.670353755551324 2.4347343065320897 -0.7103490055616921
-10.100000000000001 5.7 -23.3 -2.670353755551324 2.4347343065320897 -0.7103490055616921
-8.200000000000001 4.6000000000000005 -18.1 -3.2148964821735553 0.9232791743050004 -0.6475171524898963
-8.200000000000001 4.6000000000000005 -18.1 -3.1049407392979123 -0.07853981633974483 -0.34557519189487723
-7.7 4.7 -11.700000000000001 -3.1049407392979123 -0.07853981633974483 -0.34557519189487723
-4 5.5 -6.5 -2.399827721492203 -0.5061454830783556 0.5672320068981571
-4 5.5 -6.5 -2.399827721492203 -0.5061454830783556 0.5672320068981571
2.2 6.7 -6 -1.3107422682477414 -1.1047934165124107 1.1257373675363427
2.2 6.7 -6 -1.3107422682477414 -1.1047934165124107 1.1257373675363427
5.800000000000001 7.4 -8.9 -1.3107422682477414 -1.1047934165124107 1.1257373675363427
5.800000000000001 7.4 -8.9 -0.8360127117052839 -1.2060225131280817 0.8813912722571364
5.800000000000001 7.4 -8.9 -0.8360127117052839 -1.2060225131280817 0.8813912722571364
6.1000000000000005 7.800000000000001 -9.1 -1.1850785621041497 -0.5759586531581288 0.40317105721069013
6.1000000000000005 7.800000000000001 -9.1 -1.4172073526193956 -0.08203047484373349 0.06981317007977318
5.2 7.7 -6.5 -1.4172073526193956 -0.08203047484373349 0.06981317007977318
4.7 7.5 -5.4 -1.1955505376161157 0.024434609527920613 -0.11344640137963143
4.7 7.5 -5.4 -1.1955505376161157 0.024434609527920613 -0.11344640137963143
3.6 7.4 -5.1000000000000005 -0.7470009198535731 -0.006981317007977318 -0.3490658503988659
3.6 7.4 -5.1000000000000005 -0.7470009198535731 -0.006981317007977318 -0.3490658503988659
2.3000000000000003 7.2 -6.2 -0.7470009198535731 -0.006981317007977318 -0.3490658503988659
2.3000000000000003 7.2 -6.2 -0.36826447217080355 -0.3351032163829113 -0.5044001538263613
