2.4000000000000004 9 2.9000000000000004 0.1413716694115407 0.13788101090755203 -0.06806784082777885
2.4000000000000004 9 2.2 0.07155849933176751 0.05585053606381855 -0.020943951023931956
2.7 8.8 2.3000000000000003 -0.05759586531581288 -0.0471238898038469 -0.017453292519943295
2.7 8.8 2.3000000000000003 -0.05759586531581288 -0.0471238898038469 -0.017453292519943295
2.2 9.200000000000001 2.7 -0.05759586531581288 -0.0471238898038469 -0.017453292519943295
2.2 9.200000000000001 2.7 -0.10297442586766545 0.012217304763960306 -0.048869219055841226
2.2 9.200000000000001 2.7 -0.10297442586766545 0.012217304763960306 -0.048869219055841226
2.6 8.9 2.7 -0.10995574287564276 -0.017453292519943295 0.003490658503988659
2.6 8.9 2.7 -0.09773843811168245 -0.010471975511965978 0.003490658503988659
2.6 8.9 3.1 -0.09773843811168245 -0.010471975511965978 0.003490658503988659
2.6 8.9 3.2 -0.05061454830783556 -0.019198621771937624 -0.012217304763960306
2.6 8.9 3.2 -0.05061454830783556 -0.019198621771937624 -0.012217304763960306
2.5 8.9 3.1 0.0017453292519943296 -0.019198621771937624 -0.010471975511965978
2.5 8.9 3.1 0.0017453292519943296 -0.019198621771937624 -0.010471975511965978
2.5 8.9 3.1 0.0017453292519943296 -0.019198621771937624 -0.010471975511965978
2.7 8.9 2.9000000000000004 0.027925268031909273 -0.013962634015954637 -0.005235987755982989
2.7 8.9 2.9000000000000004 0.03316125578789226 -0.015707963267948967 -0.013962634015954637
2.5 8.9 2.8000000000000003 0.03316125578789226 -0.015707963267948967 -0.013962634015954637
2.5 8.9 2.8000000000000003 0.03490658503988659 -0.003490658503988659 -0.006981317007977318
2.5 9 2.7 0.03490658503988659 -0.003490658503988659 -0.006981317007977318
2.7 8.9 2.6 0.012217304763960306 0 -0.008726646259971648
2.7 8.9 2.6 0.012217304763960306 0 -0.008726646259971648
2.5 8.9 2.8000000000000003 -0.006981317007977318 0.006981317007977318 -0.022689280275926284
2.5 8.9 2.8000000000000003 -0.006981317007977318 0.006981317007977318 -0.022689280275926284
2.5 8.9 2.8000000000000003 -0.006981317007977318 0.006981317007977318 -0.022689280275926284
2.4000000000000004 9 2.9000000000000004 -0.010471975511965978 -0.0017453292519943296 -0.015707963267948967
2.4000000000000004 9 2.9000000000000004 -0.010471975511965978 -0.0017453292519943296 -0.015707963267948967
2.4000000000000004 9 3 0.005235987755982989 -0.008726646259971648 0
2.4000000000000004 9 3 0.005235987755982989 -0.008726646259971648 0
2.5 8.9 2.8000000000000003 0.005235987755982989 -0.008726646259971648 0
2.6 8.9 2.7 0.026179938779914945 -0.008726646259971648 0.006981317007977318
2.6 8.9 2.7 0.026179938779914945 -0.008726646259971648 0.006981317007977318
2.6 8.9 2.7 0.012217304763960306 -0.013962634015954637 0.003490658503988659
2.6 8.9 2.7 0 -0.008726646259971648 -0.006981317007977318
2.6 8.9 2.7 0 -0.008726646259971648 -0.006981317007977318
2.6 8.9 2.9000000000000004 -0.017453292519943295 -0.020943951023931956 -0.029670597283903602
2.6 8.9 2.9000000000000004 -0.017453292519943295 -0.020943951023931956 -0.029670597283903602
2.4000000000000004 9 3 -0.0017453292519943296 -0.005235987755982989 -0.020943951023931956
2.4000000000000004 9 3 -0.0017453292519943296 -0.005235987755982989 -0.020943951023931956
2.5 9 2.9000000000000004 -0.0017453292519943296 -0.005235987755982989 -0.020943951023931956
2.5 8.9 2.7 0.026179938779914945 0.0017453292519943296 -0.0017453292519943296
2.5 8.9 2.7 0.026179938779914945 0.0017453292519943296 -0.0017453292519943296
2.5 8.9 2.7 0.03839724354387525 0.006981317007977318 -0.005235987755982989
2.5 8.9 2.7 0.012217304763960306 -0.008726646259971648 -0.017453292519943295
2.7 8.9 2.6 0.012217304763960306 -0.008726646259971648 -0.017453292519943295
2.6 8.9 2.8000000000000003 -0.010471975511965978 -0.017453292519943295 -0.04014257279586958
2.6 8.9 2.8000000000000003 -0.010471975511965978 -0.017453292519943295 -0.04014257279586958
2.6 9 3.1 0.010471975511965978 -0.019198621771937624 -0.054105206811824215
2.6 9 3.1 0.010471975511965978 -0.019198621771937624 -0.054105206811824215
2.6 8.9 3 0.010471975511965978 -0.019198621771937624 -0.054105206811824215
2.6 8.9 3 0.08028514559173916 -0.061086523819801536 -0.07330382858376185
2.6 8.9 3 0.08028514559173916 -0.061086523819801536 -0.07330382858376185
2.9000000000000004 8.9 3.2 0.11868238913561441 -0.06283185307179587 -0.09773843811168245
2.9000000000000004 8.9 3.2 0.18675022996339327 -0.13089969389957473 -0.14835298641951802
3.1 8.8 3 0.18675022996339327 -0.13089969389957473 -0.14835298641951802
3.7 9.3 2.7 0.2059488517353309 -0.2426007660272118 -0.24609142453120048
3.7 9.3 2.7 0.2059488517353309 -0.2426007660272118 -0.24609142453120048
3.9000000000000004 9.5 2.2 0.15009831567151236 -0.019198621771937624 -0.4118977034706618
3.9000000000000004 9.5 2.2 0.15009831567151236 -0.019198621771937624 -0.4118977034706618
4.5 9.200000000000001 2 0.15009831567151236 -0.019198621771937624 -0.4118977034706618
4.5 9.200000000000001 2 0.022689280275926284 0.17627825445142728 -0.5113814708343386
4.5 9.200000000000001 2 0.022689280275926284 0.17627825445142728 -0.5113814708343386
3.2 8.9 2.3000000000000003 -0.16406094968746698 0.06283185307179587 -0.6475171524898963
3.2 8.9 2.3000000000000003 -0.29146998508305305 -0.2670353755551324 -0.5445427266222308
3.5 9.1 3.4000000000000004 -0.29146998508305305 -0.2670353755551324 -0.5445427266222308
4 9.200000000000001 4.5 -0.21642082724729686 -0.3543018381548489 -0.5811946409141118
4 9.200000000000001 4.5 -0.21642082724729686 -0.3543018381548489 -0.5811946409141118
3.2 8.8 5.1000000000000005 0.06283185307179587 -0.39793506945470714 -0.6370451769779303
3.2 8.8 5.1000000000000005 0.06283185307179587 -0.39793506945470714 -0.6370451769779303
1.5 9.1 4.4 0.06283185307179587 -0.39793506945470714 -0.6370451769779303
1.5 9.1 4.4 0.48171087355043496 -0.8168140899333463 -0.619591884457987
1.5 9.1 4.4 0.48171087355043496 -0.8168140899333463 -0.619591884457987
1.1 9.1 3.7 0.7993607974134029 -1.090830782496456 -0.47647488579445196
1.1 9.1 3.7 1.0297442586766545 -1.2793263417118437 -0.40317105721069013
0.7000000000000001 9.3 2.3000000000000003 1.0297442586766545 -1.2793263417118437 -0.40317105721069013
1 9.600000000000001 1.3 0.9651670763528643 -1.1431906600562858 -0.3420845333908886
1 9.600000000000001 1.3 0.9651670763528643 -1.1431906600562858 -0.3420845333908886
0.9 9.8 1.3 0.8342673824532896 -0.9546951008408983 -0.4014257279586958
0.9 9.8 1.3 0.8342673824532896 -0.9546951008408983 -0.4014257279586958
-0.1 10 1.4000000000000001 0.8342673824532896 -0.9546951008408983 -0.4014257279586958
-0.1 10 1.4000000000000001 0.7853981633974483 -0.8901179185171081 -0.41538836197465046
-0.1 10 1.4000000000000001 0.7853981633974483 -0.8901179185171081 -0.41538836197465046
-0.4 10.100000000000001 1.2000000000000002 0.8011061266653973 -0.8098327729253689 -0.3193952531149623
-0.4 10.100000000000001 1.2000000000000002 0.8377580409572782 -0.7347836150896128 -0.2426007660272118
-0.1 10.100000000000001 1 0.8377580409572782 -0.7347836150896128 -0.2426007660272118
-0.2 10.100000000000001 0.6000000000000001 0.8168140899333463 -0.5689773361501514 -0.21642082724729686
-0.2 10.100000000000001 0.6000000000000001 0.8168140899333463 -0.5689773361501514 -0.21642082724729686
-0.5 10.100000000000001 0.6000000000000001 0.8063421144213803 -0.5166174585903216 -0.20420352248333656
-0.5 10.100000000000001 0.6000000000000001 0.8063421144213803 -0.5166174585903216 -0.20420352248333656
-1.5 10.100000000000001 0.30000000000000004 0.8063421144213803 -0.5166174585903216 -0.20420352248333656
-1.5 10.100000000000001 0.30000000000000004 0.8604473212332044 -0.6038839211900381 -0.19722220547535924
-1.5 10.100000000000001 0.30000000000000004 0.8604473212332044 -0.6038839211900381 -0.19722220547535924
-2.2 10.100000000000001 0.1 0.9634217471008699 -0.6736970912698113 -0.09599310885968813
-2.2 10.100000000000001 0.1 1.101302758008422 -0.7906341511534313 0.017453292519943295
-2.9000000000000004 10.100000000000001 -0.8 1.101302758008422 -0.7906341511534313 0.017453292519943295
-3.4000000000000004 10.4 -2 1.1519173063162575 -0.7627088831215221 0.12042771838760874
-3.4000000000000004 10.4 -2 1.1519173063162575 -0.7627088831215221 0.12042771838760874
-3.4000000000000004 10.4 -2 1.1519173063162575 -0.7627088831215221 0.12042771838760874
-3.4000000000000004 10.4 -2 1.0454522219446034 -0.6527531402458793 0.23911010752322315
-3.7 10.9 -2.7 1.0454522219446034 -0.6527531402458793 0.23911010752322315
-3.8000000000000003 11.100000000000001 -2.2 1.007054978400728 -0.6108652381980153 0.3193952531149623
-3.8000000000000003 11.100000000000001 -2.2 1.007054978400728 -0.6108652381980153 0.3193952531149623
-5 11.4 -2 1.275835683207855 -0.9110618695410401 0.49218284906240095
-5 11.4 -2 1.275835683207855 -0.9110618695410401 0.49218284906240095
-2.7 11.100000000000001 -2.9000000000000004 1.275835683207855 -0.9110618695410401 0.49218284906240095
-3.6 11.100000000000001 -5.2 1.694714703686494 -1.3055062804917585 0.7086036763096978
-3.6 11.100000000000001 -5.2 1.694714703686494 -1.3055062804917585 0.7086036763096978
-3.6 11.100000000000001 -5.2 1.9303341527057285 -1.5027284859671177 0.6387905062299246
-3.6 11.100000000000001 -5.2 1.7453292519943295 -1.5062191444711064 0.6632251157578453
-2 10.8 -6 1.7453292519943295 -1.5062191444711064 0.6632251157578453
-1.4000000000000001 10.4 -6.5 1.450368608407288 -1.5062191444711064 0.5166174585903216
-1.4000000000000001 10.4 -6.5 1.450368608407288 -1.5062191444711064 0.5166174585903216
-3.3000000000000003 9.700000000000001 -5.5 1.0890854532444616 -1.5847589608108512 0.5235987755982989
-3.3000000000000003 9.700000000000001 -5.5 1.0890854532444616 -1.5847589608108512 0.5235987755982989
-2.6 8.6 -3.7 1.0890854532444616 -1.5847589608108512 0.5235987755982989
-2.6 8.6 -3.7 0.9843656981248019 -1.980948701013564 1.0140362954087054
-2.6 8.6 -3.7 0.9843656981248019 -1.980948701013564 1.0140362954087054
-1 7.2 -3.7 1.1938052083641215 -2.2252947962927703 1.467821900927231
-1 7.2 -3.7 1.096066770252439 -1.8029251173101424 1.9774580425095754
2.5 5.7 -4.7 1.096066770252439 -1.8029251173101424 1.9774580425095754
8.5 5.2 -3.4000000000000004 0.7696902001294994 -1.3631021458075714 2.0647245051092917
8.5 5.2 -3.4000000000000004 0.7696902001294994 -1.3631021458075714 2.0647245051092917
9.3 4.6000000000000005 -0.6000000000000001 0.6370451769779303 -0.9965830028887622 1.75754655675829
9.3 4.6000000000000005 -0.6000000000000001 0.6370451769779303 -0.9965830028887622 1.75754655675829
4.5 4.1000000000000005 -0.9 0.6370451769779303 -0.9965830028887622 1.75754655675829
4.5 4.1000000000000005 -0.9 0.8691739674931761 -1.1152653920243767 1.8675022996339328
4.5 4.1000000000000005 -0.9 0.8691739674931761 -1.1152653920243767 1.8675022996339328
5 3.1 -4.3 0.9162978572970231 -1.1135200627723822 2.621484536495483
5 3.1 -4.3 0.34557519189487723 -0.4310963252425994 3.014183618194207
11.3 2.3000000000000003 -5 0.34557519189487723 -0.4310963252425994 3.014183618194207
15.100000000000001 3.1 -1.8 -0.22863813201125718 0.22863813201125718 2.4329889772800954
15.100000000000001 3.1 -1.8 -0.22863813201125718 0.22863813201125718 2.4329889772800954
15.3 4.1000000000000005 1.1 0.008726646259971648 0.059341194567807204 1.6371188383706812
15.3 4.1000000000000005 1.1 0.008726646259971648 0.059341194567807204 1.6371188383706812
13.9 4.800000000000001 -1.4000000000000001 0.008726646259971648 0.059341194567807204 1.6371188383706812
13.9 4.800000000000001 -1.4000000000000001 0.6108652381980153 -0.16755160819145565 0.8552113334772214
13.9 4.800000000000001 -1.4000000000000001 0.6108652381980153 -0.16755160819145565 0.8552113334772214
12.5 4.800000000000001 -3.8000000000000003 0.6091199089460211 -0.03316125578789226 0.1884955592153876
12.5 4.800000000000001 -3.8000000000000003 0.3368485456349056 0.20943951023931956 -0.3368485456349056
12 4.5 -4.1000000000000005 0.3368485456349056 0.20943951023931956 -0.3368485456349056
10.8 4.3 -4.1000000000000005 0.1780235837034216 0.3420845333908886 -0.8621926504851988
10.8 4.3 -4.1000000000000005 0.1780235837034216 0.3420845333908886 -0.8621926504851988
10.8 4.3 -4.1000000000000005 0.1780235837034216 0.3420845333908886 -0.8621926504851988
10.8 4.3 -4.1000000000000005 0.059341194567807204 0.317649923862968 -1.2217304763960306
7.5 4.6000000000000005 -4.7 0.059341194567807204 0.317649923862968 -1.2217304763960306
7.5 4.6000000000000005 -4.7 -0.17627825445142728 0.3892084231947355 -1.324704902263696
7.5 4.6000000000000005 -4.7 -0.17627825445142728 0.3892084231947355 -1.324704902263696
7.5 4.9 -4 -0.3141592653589793 0.7086036763096978 -1.324704902263696
7.5 4.9 -4 -0.2670353755551324 0.8499753457212386 -1.3194689145077132
7.6000000000000005 5.2 -4.1000000000000005 -0.2670353755551324 0.8499753457212386 -1.3194689145077132
8.200000000000001 5.5 -4.7 -0.312413936106985 0.8901179185171081 -1.3526301702956054
8.200000000000001 5.5 -4.7 -0.312413936106985 0.8901179185171081 -1.3526301702956054
9.5 5.800000000000001 -4 -0.47472955654245763 0.9337511498169664 -1.5323990832510215
9.5 5.800000000000001 -4 -0.47472955654245763 0.9337511498169664 -1.5323990832510215
8.700000000000001 6.1000000000000005 -3 -0.47472955654245763 0.9337511498169664 -1.5323990832510215
8.700000000000001 6.1000000000000005 -3 -0.46076692252650303 0.9093165402890457 -1.9652407377456151
8.700000000000001 6.1000000000000005 -3 -0.46076692252650303 0.9093165402890457 -1.9652407377456151
5 6.7 -2.9000000000000004 -0.25656340004316647 0.7853981633974483 -2.181661564992912
5 6.7 -2.9000000000000004 -0.06806784082777885 0.4956735075663896 -1.9460421159736776
2.5 7.4 -3.3000000000000003 -0.06806784082777885 0.4956735075663896 -1.9460421159736776
2.5 7.4 -3.3000000000000003 -0.06806784082777885 0.4956735075663896 -1.9460421159736776
2.5 7.4 -3.3000000000000003 -0.06806784082777885 0.4956735075663896 -1.9460421159736776
1.9000000000000001 7.800000000000001 -4.2 -0.04014257279586958 0.3717551306747922 -1.5707963267948966
1.9000000000000001 7.800000000000001 -4.2 -0.17453292519943295 0.39444441095071847 -1.3299408900196792
1.2000000000000002 8 -4.6000000000000005 -0.17453292519943295 0.39444441095071847 -1.3299408900196792
0.5 8.200000000000001 -3.8000000000000003 -0.2844886680750757 0.35779249665883756 -1.1588986233242349
0.5 8.200000000000001 -3.8000000000000003 -0.2844886680750757 0.35779249665883756 -1.1588986233242349
-0.30000000000000004 8.6 -3.9000000000000004 -0.2234021442552742 0.015707963267948967 -0.9564404300928926
-0.30000000000000004 8.6 -3.9000000000000004 -0.2234021442552742 0.015707963267948967 -0.9564404300928926
-0.4 8.6 -5 -0.2234021442552742 0.015707963267948967 -0.9564404300928926
-1.6 8.6 -5.300000000000001 -0.2949606435870417 -0.14835298641951802 -0.7923794804054256
-1.6 8.6 -5.300000000000001 -0.2949606435870417 -0.14835298641951802 -0.7923794804054256
-1.6 8.6 -5.300000000000001 -0.640535835481919 0.008726646259971648 -0.8185594191853406
-1.6 8.6 -5.300000000000001 -0.9023352232810684 0.25481807079117214 -0.8482300164692442
-3.2 8.4 -3.5 -0.9023352232810684 0.25481807079117214 -0.8482300164692442
-5.300000000000001 8.700000000000001 -3.1 -0.6649704450098396 0.05061454830783556 -0.7068583470577035
-5.300000000000001 8.700000000000001 -3.1 -0.6649704450098396 0.05061454830783556 -0.7068583470577035
-6 9.1 -4 -0.3700098014227979 -0.30194196059501904 -0.34557519189487723
-6 9.1 -4 -0.3700098014227979 -0.30194196059501904 -0.34557519189487723
-5.6000000000000005 9.1 -5.300000000000001 -0.3700098014227979 -0.30194196059501904 -0.34557519189487723
-4.7 9.3 -5.6000000000000005 -0.2932153143350474 -0.36302848441482055 -0.031415926535897934
-4.7 9.3 -5.6000000000000005 -0.2932153143350474 -0.36302848441482055 -0.031415926535897934
-4.7 9.3 -5.6000000000000005 -0.4799655442984406 -0.1954768762233649 0.20769418098732523
-4.7 9.3 -5.6000000000000005 -0.7278022980816354 -0.04188790204786391 0.39793506945470714
-3.5 9.8 -4.9 -0.7278022980816354 -0.04188790204786391 0.39793506945470714
-1.4000000000000001 10.100000000000001 -3.9000000000000004 -0.8621926504851988 0.24085543677521748 0.45029494701453704
-1.4000000000000001 10.100000000000001 -3.9000000000000004 -0.8621926504851988 0.24085543677521748 0.45029494701453704
0.4 9.9 -3.3000000000000003 -0.8726646259971648 0.21467549799530253 0.26529004630313807
0.4 9.9 -3.3000000000000003 -0.8726646259971648 0.21467549799530253 0.26529004630313807
-0.30000000000000004 9.9 -3.2 -0.8726646259971648 0.21467549799530253 0.26529004630313807
-1.8 10.3 -1.9000000000000001 -0.8726646259971648 0.0890117918517108 -0.026179938779914945
-1.8 10.3 -1.9000000000000001 -0.8726646259971648 0.0890117918517108 -0.026179938779914945
-1.8 10.3 -1.9000000000000001 -0.8080874436733746 0.19373154697137057 -0.005235987755982989
-1.8 10.3 -1.9000000000000001 -0.6073745796940268 0.2007128639793479 0.2897246558310587
