1.5 8.200000000000001 2.8000000000000003 0.7365289443416071 -0.1239183768915974 -0.10821041362364843
1.1 8.4 2.6 0.6963863715457375 -0.2530727415391778 -0.08028514559173916
1.1 8.4 2.6 0.6963863715457375 -0.2530727415391778 -0.08028514559173916
1.5 8.200000000000001 2.6 0.6963863715457375 -0.2530727415391778 -0.08028514559173916
1.5 8.200000000000001 2.6 0.6911503837897545 -0.4799655442984406 -0.0017453292519943296
1.5 8.200000000000001 2.6 0.6911503837897545 -0.4799655442984406 -0.0017453292519943296
1.6 8.4 2.4000000000000004 0.6754424205218056 -0.5550147021341968 0.015707963267948967
1.6 8.4 2.4000000000000004 0.6754424205218056 -0.5550147021341968 0.015707963267948967
1.6 8.5 2.3000000000000003 0.6754424205218056 -0.5550147021341968 0.015707963267948967
1.4000000000000001 8.6 1.8 0.6754424205218056 -0.3612831551628262 0.04014257279586958
1.4000000000000001 8.6 1.8 0.6754424205218056 -0.3612831551628262 0.04014257279586958
1.4000000000000001 8.700000000000001 1.1 0.6126105674500096 -0.3036872898470134 0.10471975511965978
1.4000000000000001 8.700000000000001 1.1 0.6126105674500096 -0.3036872898470134 0.10471975511965978
1.4000000000000001 8.700000000000001 1.1 0.6126105674500096 -0.3036872898470134 0.10471975511965978
1.6 8.8 1 0.45727626402251437 -0.2792526803190927 0.13962634015954636
1.6 8.8 1 0.45727626402251437 -0.2792526803190927 0.13962634015954636
1.6 8.9 1.1 0.32114058236695664 -0.25132741228718347 0.153588974175501
1.8 9 1.1 0.2181661564992912 -0.16406094968746698 0.1832595714594046
1.8 9 1.1 0.2181661564992912 -0.16406094968746698 0.1832595714594046
1.9000000000000001 9.1 1.3 0.13089969389957473 0.005235987755982989 0.1884955592153876
1.9000000000000001 9.1 1.3 0.13089969389957473 0.005235987755982989 0.1884955592153876
2 9.1 1.5 0.08377580409572782 0.07330382858376185 0.16580627893946132
2 9.1 1.5 0.08377580409572782 0.07330382858376185 0.16580627893946132
2.2 9.200000000000001 1.6 0.08377580409572782 0.07330382858376185 0.16580627893946132
2.2 9.200000000000001 1.6 0.06283185307179587 -0.012217304763960306 0.1361356816555577
2.2 9.200000000000001 1.6 0.06283185307179587 -0.012217304763960306 0.1361356816555577
2.2 9.200000000000001 1.5 0.03665191429188092 -0.0767944870877505 0.08377580409572782
2.1 9.200000000000001 1.8 -0.003490658503988659 -0.026179938779914945 0.05759586531581288
2.1 9.200000000000001 1.8 -0.003490658503988659 -0.026179938779914945 0.05759586531581288
2 9.3 1.7000000000000002 -0.015707963267948967 0.017453292519943295 0.0471238898038469
2 9.3 1.7000000000000002 -0.015707963267948967 0.017453292519943295 0.0471238898038469
2.2 9.200000000000001 1.8 -0.04537856055185257 -0.022689280275926284 0.0471238898038469
2.2 9.200000000000001 1.8 -0.04537856055185257 -0.022689280275926284 0.0471238898038469
2.3000000000000003 9.200000000000001 1.9000000000000001 -0.04537856055185257 -0.022689280275926284 0.0471238898038469
2.3000000000000003 9.200000000000001 1.9000000000000001 -0.07504915783575618 -0.06632251157578452 0.024434609527920613
2.3000000000000003 9.200000000000001 1.9000000000000001 -0.07504915783575618 -0.06632251157578452 0.024434609527920613
2.3000000000000003 9.200000000000001 2.1 -0.09599310885968813 -0.061086523819801536 -0.006981317007977318
2.2 9.200000000000001 2.2 -0.08203047484373349 -0.05585053606381855 -0.03316125578789226
2.2 9.200000000000001 2.2 -0.08203047484373349 -0.05585053606381855 -0.03316125578789226
2.2 9.1 2.4000000000000004 -0.08203047484373349 -0.05585053606381855 -0.03316125578789226
2.2 9.1 2.4000000000000004 -0.08203047484373349 -0.05585053606381855 -0.03316125578789226
2.2 9.1 2.4000000000000004 -0.061086523819801536 -0.09250245035569947 -0.022689280275926284
2.2 9.200000000000001 2.2 -0.029670597283903602 -0.13962634015954636 -0.0017453292519943296
2.2 9.200000000000001 2.2 -0.029670597283903602 -0.13962634015954636 -0.0017453292519943296
2.4000000000000004 9.200000000000001 2.2 -0.054105206811824215 -0.10122909661567112 0.010471975511965978
2.4000000000000004 9.200000000000001 2.2 -0.054105206811824215 -0.10122909661567112 0.010471975511965978
2.6 9.200000000000001 2.5 -0.09250245035569947 -0.05585053606381855 0.010471975511965978
2.8000000000000003 9.1 2.8000000000000003 -0.08203047484373349 -0.08028514559173916 -0.022689280275926284
2.8000000000000003 9.1 2.8000000000000003 -0.08203047484373349 -0.08028514559173916 -0.022689280275926284
2.7 9.200000000000001 2.8000000000000003 -0.08203047484373349 -0.08028514559173916 -0.022689280275926284
2.7 9.200000000000001 2.8000000000000003 -0.08203047484373349 -0.08028514559173916 -0.022689280275926284
2.5 9.200000000000001 2.6 0.015707963267948967 -0.2111848394913139 -0.07330382858376185
2.5 9.200000000000001 2.6 0.015707963267948967 -0.2111848394913139 -0.07330382858376185
2.5 9.200000000000001 2.6 0.015707963267948967 -0.2111848394913139 -0.07330382858376185
2.5 9.200000000000001 2.6 0.026179938779914945 -0.19373154697137057 -0.061086523819801536
2.5 9.200000000000001 2.6 0.026179938779914945 -0.19373154697137057 -0.061086523819801536
2.4000000000000004 9.200000000000001 2.7 0.059341194567807204 -0.12740903539558607 -0.04537856055185257
2.4000000000000004 9.3 2.5 0.12042771838760874 -0.09250245035569947 -0.024434609527920613
2.4000000000000004 9.3 2.5 0.12042771838760874 -0.09250245035569947 -0.024434609527920613
2.3000000000000003 9.200000000000001 2.3000000000000003 0.12042771838760874 -0.09250245035569947 -0.024434609527920613
2.3000000000000003 9.200000000000001 2.3000000000000003 0.12042771838760874 -0.09250245035569947 -0.024434609527920613
2.3000000000000003 9.200000000000001 2.3000000000000003 0.15533430342749532 -0.16231562043547265 -0.019198621771937624
2.4000000000000004 9.3 2.4000000000000004 0.1884955592153876 -0.22514747350726852 0
2.4000000000000004 9.3 2.4000000000000004 0.1884955592153876 -0.22514747350726852 0
2.5 9.4 2.2 0.24609142453120048 -0.2775073510670984 0.010471975511965978
2.5 9.4 2.2 0.24609142453120048 -0.2775073510670984 0.010471975511965978
2.7 9.3 2 0.2775073510670984 -0.40491638646268446 -0.0017453292519943296
2.6 9.5 2 0.27401669256310973 -0.5323254218582705 -0.012217304763960306
2.6 9.5 2 0.27401669256310973 -0.5323254218582705 -0.012217304763960306
2.6 9.5 2 0.27401669256310973 -0.5323254218582705 -0.012217304763960306
2.6 9.5 2 0.27401669256310973 -0.5323254218582705 -0.012217304763960306
2.7 9.4 2 0.29670597283903605 -0.5602506898901798 -0.012217304763960306
3 9.4 2.2 0.33161255787892263 -0.6178465552059926 -0.0017453292519943296
3 9.4 2.2 0.33161255787892263 -0.6178465552059926 -0.0017453292519943296
3.3000000000000003 9.4 2.5 0.4241150082346221 -0.8098327729253689 0.008726646259971648
3.3000000000000003 9.4 2.5 0.4241150082346221 -0.8098327729253689 0.008726646259971648
3.8000000000000003 9.200000000000001 3.2 0.5951572749300664 -1.1152653920243767 -0.008726646259971648
3.8000000000000003 9.200000000000001 3.2 0.5951572749300664 -1.1152653920243767 -0.008726646259971648
3.8000000000000003 9.200000000000001 3.4000000000000004 0.5951572749300664 -1.1152653920243767 -0.008726646259971648
3.3000000000000003 9.5 3 0.8988445647770797 -1.5847589608108512 -0.10821041362364843
3.3000000000000003 9.5 3 0.8988445647770797 -1.5847589608108512 -0.10821041362364843
3.3000000000000003 9.5 3 1.228711793404008 -1.9547687622336491 -0.22165681500327986
3.3000000000000003 9.5 3 1.4468779499032993 -2.0943951023931957 -0.22689280275926285
3.1 9.600000000000001 1.9000000000000001 1.4468779499032993 -2.0943951023931957 -0.22689280275926285
3.3000000000000003 9.700000000000001 1.9000000000000001 1.5236724369910497 -1.99142067652553 -0.17278759594743862
3.3000000000000003 9.700000000000001 1.9000000000000001 1.5236724369910497 -1.99142067652553 -0.17278759594743862
3.5 9.600000000000001 2 1.6912240451825054 -2.0245819323134224 -0.11519173063162576
3.5 9.600000000000001 2 1.6912240451825054 -2.0245819323134224 -0.11519173063162576
3.5 9.600000000000001 2 1.6912240451825054 -2.0245819323134224 -0.11519173063162576
4 9.3 1.2000000000000002 1.9268434942017398 -2.050761871093337 -0.10821041362364843
4 9.3 1.2000000000000002 1.9268434942017398 -2.050761871093337 -0.10821041362364843
4.2 8.9 0.6000000000000001 2.1153390534171272 -1.9826940302655585 -0.21467549799530253
4.2 8.9 0.6000000000000001 2.3177972466484698 -2.0682151636132806 -0.37350045992678654
3.3000000000000003 8.9 -0.5 2.3177972466484698 -2.0682151636132806 -0.37350045992678654
2 8.700000000000001 -1.5 2.5010568181078745 -2.4277529895241123 -0.4363323129985824
2 8.700000000000001 -1.5 2.5010568181078745 -2.4277529895241123 -0.4363323129985824
1.2000000000000002 8.6 -3 2.569124658935653 -2.6668630970473357 -0.4118977034706618
1.2000000000000002 8.6 -3 2.569124658935653 -2.6668630970473357 -0.4118977034706618
1.2000000000000002 8.6 -3 2.569124658935653 -2.6668630970473357 -0.4118977034706618
1 8.6 -3.8000000000000003 2.5167647813758234 -2.5028021473598687 -0.4066617157146788
1 8.6 -3.8000000000000003 2.5167647813758234 -2.5028021473598687 -0.4066617157146788
1 8.3 -4.2 2.4277529895241123 -2.2724186860966173 -0.41015237421866746
0.5 8.1 -4.5 2.4225170017681297 -2.4364796357840843 -0.46076692252650303
0.5 8.1 -4.5 2.4225170017681297 -2.4364796357840843 -0.46076692252650303
-0.1 7.800000000000001 -6 2.4225170017681297 -2.4364796357840843 -0.46076692252650303
-0.1 7.800000000000001 -6 2.4225170017681297 -2.4364796357840843 -0.46076692252650303
-0.8 7.5 -6.7 2.2008601867648494 -1.9774580425095754 -0.4799655442984406
-0.8 7.5 -6.7 2.2008601867648494 -1.9774580425095754 -0.4799655442984406
-0.8 7.5 -6.7 2.2008601867648494 -1.9774580425095754 -0.4799655442984406
-0.9 7.1000000000000005 -6.4 1.9879300180215413 -1.7697638615222502 -0.40317105721069013
-0.9 7.1000000000000005 -6.4 1.9879300180215413 -1.7697638615222502 -0.40317105721069013
-0.9 6.9 -6.9 1.8762289458939043 -1.9146261894377796 -0.40317105721069013
-1 6.6000000000000005 -7.4 1.6475908138826472 -2.0682151636132806 -0.4590215932745087
-1 6.6000000000000005 -7.4 1.6475908138826472 -2.0682151636132806 -0.4590215932745087
-1.4000000000000001 6.5 -6.7 1.4416419621473162 -1.900663555421825 -0.5689773361501514
-1.4000000000000001 6.5 -6.7 1.4416419621473162 -1.900663555421825 -0.5689773361501514
-1.4000000000000001 6.5 -6.7 1.4416419621473162 -1.900663555421825 -0.5689773361501514
-2.1 6.300000000000001 -6.300000000000001 1.3369222070276565 -1.7313666179783749 -0.6056292504420324
-2.1 6.300000000000001 -6.300000000000001 1.3369222070276565 -1.7313666179783749 -0.6056292504420324
-2.5 6.1000000000000005 -6.1000000000000005 1.3718287920675432 -1.8203784098300857 -0.5724679946541401
-2.5 6.1000000000000005 -6.1000000000000005 1.3718287920675432 -1.8203784098300857 -0.5724679946541401
-2.8000000000000003 5.6000000000000005 -7.1000000000000005 1.3473941825396225 -2.0943951023931957 -0.4956735075663896
-2.7 6.2 -7.1000000000000005 1.1972958668681102 -2.0525072003453317 -0.40491638646268446
-2.7 6.2 -7.1000000000000005 1.1972958668681102 -2.0525072003453317 -0.40491638646268446
-2.7 6.2 -7.1000000000000005 1.1972958668681102 -2.0525072003453317 -0.40491638646268446
-2.7 6.2 -7.1000000000000005 1.1972958668681102 -2.0525072003453317 -0.40491638646268446
-2.8000000000000003 5.9 -7.2 1.0943214410004447 -1.603957582582789 -0.5009094953223726
-2.8000000000000003 5.9 -7.2 1.0140362954087054 -1.4433872913993107 -0.5619960191421741
-3.4000000000000004 5.6000000000000005 -6.2 1.0140362954087054 -1.4433872913993107 -0.5619960191421741
-4.4 5.9 -5.7 1.090830782496456 -1.6022122533307945 -0.4956735075663896
-4.4 5.9 -5.7 1.090830782496456 -1.6022122533307945 -0.4956735075663896
-5.6000000000000005 6.6000000000000005 -6.300000000000001 1.2147491593880535 -1.7400932642383466 -0.17976891295541594
-5.300000000000001 6.9 -6.7 1.2775810124598492 -1.5271630954950384 0.19024088846738194
-5.300000000000001 6.9 -6.7 1.2775810124598492 -1.5271630954950384 0.19024088846738194
-5.300000000000001 6.9 -6.7 1.2775810124598492 -1.5271630954950384 0.19024088846738194
-5.300000000000001 6.9 -6.7 1.2775810124598492 -1.5271630954950384 0.19024088846738194
-4 6.2 -7.300000000000001 1.160643952576229 -1.2793263417118437 0.3647738136668149
-3.3000000000000003 5.7 -8.3 0.9162978572970231 -1.085594794740473 0.19373154697137057
-3.3000000000000003 5.7 -8.3 0.9162978572970231 -1.085594794740473 0.19373154697137057
-4.2 5.2 -8.3 0.3822271061867582 -0.7644542123735164 -0.022689280275926284
-4.2 5.2 -8.3 0.3822271061867582 -0.7644542123735164 -0.022689280275926284
-5 4.7 -5.800000000000001 -0.04014257279586958 -0.3089232776029963 -0.054105206811824215
-5 4.7 -5.800000000000001 -0.04014257279586958 -0.3089232776029963 -0.054105206811824215
-5 4.7 -5.800000000000001 -0.04014257279586958 -0.3089232776029963 -0.054105206811824215
-5.5 3.9000000000000004 -3.8000000000000003 0.029670597283903602 -0.19722220547535924 -0.03490658503988659
-5.5 3.9000000000000004 -3.8000000000000003 0.029670597283903602 -0.19722220547535924 -0.03490658503988659
-5.800000000000001 3.2 -3.8000000000000003 0.5009094953223726 -0.25481807079117214 -0.015707963267948967
-6.800000000000001 2.8000000000000003 -5.6000000000000005 0.8813912722571364 -0.25656340004316647 0.013962634015954637
-6.800000000000001 2.8000000000000003 -5.6000000000000005 0.8813912722571364 -0.25656340004316647 0.013962634015954637
-7.2 2.6 -7.2 0.8063421144213803 -0.13439035240356337 0.19896753472735357
-7.2 2.6 -7.2 0.8063421144213803 -0.13439035240356337 0.19896753472735357
-6.9 2.7 -7 0.45553093477052004 0.23387411976724015 0.3961897402027128
-6.9 2.7 -7 0.45553093477052004 0.23387411976724015 0.3961897402027128
-6.9 2.7 -7 0.45553093477052004 0.23387411976724015 0.3961897402027128
-5.7 2.7 -7 0.25656340004316647 0.42935099599060506 0.4904375198104066
-5.7 2.7 -7 0.25656340004316647 0.42935099599060506 0.4904375198104066
-5.7 3.7 -7.5 0.008726646259971648 0.2932153143350474 0.3647738136668149
-6.300000000000001 4.9 -6.6000000000000005 -0.33859387488689996 0.3752457891787809 0.21293016874330822
-6.300000000000001 4.9 -6.6000000000000005 -0.33859387488689996 0.3752457891787809 0.21293016874330822
-7.300000000000001 5.7 -6 -0.5480333851262195 0.5235987755982989 0.18500490071139894
-7.300000000000001 5.7 -6 -0.5480333851262195 0.5235987755982989 0.18500490071139894
-7.1000000000000005 5.9 -5.800000000000001 -0.6440264939859076 0.7086036763096978 0.26005405854715513
-7.1000000000000005 5.9 -5.800000000000001 -0.6440264939859076 0.7086036763096978 0.26005405854715513
-7.1000000000000005 5.9 -5.800000000000001 -0.6440264939859076 0.7086036763096978 0.26005405854715513
-6.2 5.6000000000000005 -5.7 -0.6265732014659643 0.6318091892219473 0.1780235837034216
-6.2 5.6000000000000005 -5.7 -0.6265732014659643 0.6318091892219473 0.1780235837034216
-7.5 5.6000000000000005 -6.5 -0.6928957130417488 0.6527531402458793 -0.1291543646475804
-8.8 4.800000000000001 -6.7 -0.9040805525330627 0.6876597252857659 -0.2949606435870417
-8.8 4.800000000000001 -6.7 -0.9040805525330627 0.6876597252857659 -0.2949606435870417
-10.4 4 -6.9 -1.0105456369047168 0.6510078109938849 -0.34557519189487723
-10.4 4 -6.9 -1.0105456369047168 0.6510078109938849 -0.34557519189487723
-11.5 4.2 -5.5 -1.3526301702956054 0.7347836150896128 -0.30194196059501904
-11.5 4.2 -5.5 -1.3526301702956054 0.7347836150896128 -0.30194196059501904
-11.5 4.2 -5.5 -1.3526301702956054 0.7347836150896128 -0.30194196059501904
-12.200000000000001 4.5 -4.9 -1.2636183784438946 0.4485496177625427 -0.15533430342749532
-12.200000000000001 4.5 -4.9 -1.2636183784438946 0.4485496177625427 -0.15533430342749532
-12.700000000000001 4.7 -5.1000000000000005 -1.0733774899765127 0.25481807079117214 0.08377580409572782
-12.700000000000001 5.1000000000000005 -6.300000000000001 -1.0629055144645467 0.10821041362364843 0.46949356878647464
-12.700000000000001 5.1000000000000005 -6.300000000000001 -1.0629055144645467 0.10821041362364843 0.46949356878647464
-12.5 6 -4.4 -1.2531464029319286 0.4799655442984406 0.8395033702092726
-12.5 6 -4.4 -1.2531464029319286 0.4799655442984406 0.8395033702092726
-12.5 6 -4.4 -1.2531464029319286 0.4799655442984406 0.8395033702092726
-10.9 6.4 -2.9000000000000004 -0.8639379797371931 -0.09075712110370514 1.150171977064263
-10.9 6.4 -2.9000000000000004 -0.8639379797371931 -0.09075712110370514 1.150171977064263
-9.200000000000001 6 -4.1000000000000005 -0.33859387488689996 -0.36302848441482055 1.3526301702956054
-9.200000000000001 6 -4.1000000000000005 -0.33859387488689996 -0.36302848441482055 1.3526301702956054
-6.800000000000001 5.800000000000001 -6 -0.07853981633974483 -0.6632251157578453 1.5219271077390555
-6.800000000000001 5.800000000000001 -6 -0.07853981633974483 -0.6632251157578453 1.5219271077390555
-6.9 5.800000000000001 -8 -0.07853981633974483 -0.6632251157578453 1.5219271077390555
-5.5 5.6000000000000005 -6.9 -0.25132741228718347 -0.158824961931484 1.6057029118347832
-5.5 5.6000000000000005 -6.9 -0.25132741228718347 -0.158824961931484 1.6057029118347832
-5.5 5.6000000000000005 -6.9 -0.7382742735936014 0.8691739674931761 2.1310470166850766
-1.7000000000000002 4.6000000000000005 -2.3000000000000003 -0.5585053606381855 0.5026548245743669 2.478367537831948
-1.7000000000000002 4.6000000000000005 -2.3000000000000003 -0.5585053606381855 0.5026548245743669 2.478367537831948
1.2000000000000002 3.1 -3.5 0.38571776469074687 0.04363323129985824 2.478367537831948
1.2000000000000002 3.1 -3.5 0.38571776469074687 0.04363323129985824 2.478367537831948
3.2 1.6 -8.5 0.773180858633488 0.312413936106985 2.2794000031045942
2.2 0.4 -10.8 -0.04363323129985824 1.265363707695889 2.6825710603152846
2.2 0.4 -10.8 -0.04363323129985824 1.265363707695889 2.6825710603152846
2.2 0.4 -10.8 -0.04363323129985824 1.265363707695889 2.6825710603152846
2.2 0.4 -10.8 -0.04363323129985824 1.265363707695889 2.6825710603152846
9.600000000000001 0.5 -3.1 -0.5480333851262195 1.4713125594312197 3.639011490408177
17.5 0.6000000000000001 -4 0.37873644768276954 1.8203784098300857 3.7035886727319673
17.5 0.6000000000000001 -4 0.37873644768276954 1.8203784098300857 3.7035886727319673
22.200000000000003 1.7000000000000002 -5 0.9302604913129777 1.1414453308042916 3.2934362985133
22.200000000000003 1.7000000000000002 -5 0.9302604913129777 1.1414453308042916 3.2934362985133
22.400000000000002 4.4 -9 1.1676252695842064 -0.158824961931484 2.158972284716986
17.1 5.9 -12.100000000000001 0.6719517620178169 -0.05061454830783556 0.9459684545809266
17.1 5.9 -12.100000000000001 0.6719517620178169 -0.05061454830783556 0.9459684545809266
17.1 5.9 -12.100000000000001 0.6719517620178169 -0.05061454830783556 0.9459684545809266
17.1 5.9 -12.100000000000001 0.6719517620178169 -0.05061454830783556 0.9459684545809266
13.100000000000001 5.4 -12.3 -0.10471975511965978 0.5218534463463046 0.158824961931484
9.4 5 -10.8 -0.8936085770210968 1.2514010736799344 -0.37350045992678654
9.4 5 -10.8 -0.8936085770210968 1.2514010736799344 -0.37350045992678654
6.4 4.7 -7.2 -1.244419756671957 0.8499753457212386 -0.7155849933176751
6.4 4.7 -7.2 -1.244419756671957 0.8499753457212386 -0.7155849933176751
3.2 5.1000000000000005 -6.7 -1.0506882097005865 0.4537856055185257 -0.8063421144213803
3.2 5.1000000000000005 -6.7 -1.0506882097005865 0.4537856055185257 -0.8063421144213803
1.1 6.1000000000000005 -5.9 -1.0506882097005865 0.4537856055185257 -0.8063421144213803
1.1 6.1000000000000005 -5.9 -0.932005820564972 0.7853981633974483 -0.6003932626860494
1.1 6.1000000000000005 -5.9 -0.932005820564972 0.7853981633974483 -0.6003932626860494
