1.9000000000000001 8.200000000000001 4.7 0.061086523819801536 -0.14835298641951802 0.027925268031909273
1.9000000000000001 8.200000000000001 4.800000000000001 -0.048869219055841226 -0.3717551306747922 -0.013962634015954637
1.9000000000000001 8.200000000000001 4.800000000000001 -0.048869219055841226 -0.3717551306747922 -0.013962634015954637
1.9000000000000001 8.200000000000001 4.800000000000001 -0.048869219055841226 -0.3717551306747922 -0.013962634015954637
1.9000000000000001 8.200000000000001 4.800000000000001 -0.04014257279586958 -0.1239183768915974 -0.03490658503988659
2 8 5.2 -0.04014257279586958 -0.1239183768915974 -0.03490658503988659
1.7000000000000002 8.1 5.300000000000001 0.024434609527920613 -0.04188790204786391 -0.04014257279586958
1.7000000000000002 8.1 5.300000000000001 0.09948376736367678 -0.16231562043547265 0.008726646259971648
1.7000000000000002 8.1 5.300000000000001 0.09948376736367678 -0.16231562043547265 0.008726646259971648
1.7000000000000002 8.1 5.300000000000001 0.09948376736367678 -0.16231562043547265 0.008726646259971648
2.1 8.1 5.2 0.09948376736367678 -0.16231562043547265 0.008726646259971648
2.1 8.1 5.2 0.13962634015954636 -0.27576202181510406 0.031415926535897934
2.1 8.1 5.2 0.15533430342749532 -0.307177948351002 0.024434609527920613
2 8 5.2 0.15533430342749532 -0.307177948351002 0.024434609527920613
2 8 5.2 0.1884955592153876 -0.3298672286269283 0.04188790204786391
2 8 5.1000000000000005 0.1884955592153876 -0.3298672286269283 0.04188790204786391
2.1 8 4.9 0.2234021442552742 -0.3089232776029963 0.054105206811824215
2.1 8 4.9 0.2181661564992912 -0.2234021442552742 0.03839724354387525
2.1 8 4.5 0.2181661564992912 -0.2234021442552742 0.03839724354387525
2.1 8 4.5 0.2181661564992912 -0.2234021442552742 0.03839724354387525
2.1 8.1 4.3 0.2181661564992912 -0.2234021442552742 0.03839724354387525
2.1 8.1 4.3 0.1239183768915974 -0.1239183768915974 0.03490658503988659
2.1 8.1 4.3 0.048869219055841226 -0.06632251157578452 0.026179938779914945
2.2 8.1 4.6000000000000005 0.048869219055841226 -0.06632251157578452 0.026179938779914945
2.2 8.1 4.6000000000000005 0.031415926535897934 -0.0645771823237902 0.027925268031909273
2.1 8.200000000000001 4.6000000000000005 0.031415926535897934 -0.0645771823237902 0.027925268031909273
2.2 8.200000000000001 4.5 0.029670597283903602 -0.06806784082777885 0.027925268031909273
2.2 8.200000000000001 4.5 0.029670597283903602 -0.06806784082777885 0.027925268031909273
2.3000000000000003 8.3 4.6000000000000005 0.029670597283903602 -0.06806784082777885 0.027925268031909273
2.3000000000000003 8.3 4.6000000000000005 0.013962634015954637 -0.031415926535897934 0.024434609527920613
2.2 8.3 4.6000000000000005 0.013962634015954637 -0.031415926535897934 0.024434609527920613
2.2 8.3 4.6000000000000005 0.015707963267948967 -0.005235987755982989 0.003490658503988659
2.2 8.3 4.6000000000000005 0.013962634015954637 -0.012217304763960306 0.008726646259971648
2.1 8.4 4.6000000000000005 0.013962634015954637 -0.012217304763960306 0.008726646259971648
2.1 8.4 4.6000000000000005 0.003490658503988659 -0.031415926535897934 0.013962634015954637
2.3000000000000003 8.4 4.6000000000000005 0.003490658503988659 -0.031415926535897934 0.013962634015954637
2.3000000000000003 8.4 4.6000000000000005 -0.013962634015954637 -0.020943951023931956 -0.010471975511965978
2.3000000000000003 8.4 4.6000000000000005 -0.013962634015954637 -0.020943951023931956 -0.010471975511965978
2.2 8.4 4.800000000000001 -0.013962634015954637 -0.020943951023931956 -0.010471975511965978
2.2 8.4 4.800000000000001 -0.010471975511965978 -0.020943951023931956 -0.022689280275926284
2.2 8.4 4.800000000000001 -0.010471975511965978 -0.020943951023931956 -0.022689280275926284
2.2 8.4 4.800000000000001 0.04014257279586958 -0.048869219055841226 -0.019198621771937624
2.2 8.3 4.800000000000001 0.08726646259971647 -0.12566370614359174 -0.008726646259971648
2.2 8.3 4.800000000000001 0.08726646259971647 -0.12566370614359174 -0.008726646259971648
2.2 8.3 4.800000000000001 0.10995574287564276 -0.13264502315156904 -0.005235987755982989
2.3000000000000003 8.3 4.6000000000000005 0.10995574287564276 -0.13264502315156904 -0.005235987755982989
2.1 8.3 4.5 0.09773843811168245 -0.08552113334772216 0.010471975511965978
2.1 8.3 4.5 0.09773843811168245 -0.08552113334772216 0.010471975511965978
2.2 8.3 4.5 0.09773843811168245 -0.08552113334772216 0.010471975511965978
2.2 8.3 4.5 0.10297442586766545 -0.05759586531581288 0.03316125578789226
2.2 8.3 4.3 0.10297442586766545 -0.05759586531581288 0.03316125578789226
2.2 8.3 4.3 0.09250245035569947 -0.08726646259971647 0.029670597283903602
2.2 8.3 4.3 0.05759586531581288 -0.08028514559173916 0.031415926535897934
2.1 8.3 4.3 0.05759586531581288 -0.08028514559173916 0.031415926535897934
2.1 8.3 4.3 0.05061454830783556 -0.04537856055185257 0.04188790204786391
2.2 8.3 4.4 0.05061454830783556 -0.04537856055185257 0.04188790204786391
2.3000000000000003 8.3 4.4 0.04537856055185257 -0.04537856055185257 0.03665191429188092
2.3000000000000003 8.3 4.4 0.04537856055185257 -0.04537856055185257 0.03665191429188092
2.3000000000000003 8.3 4.4 0.04537856055185257 -0.04537856055185257 0.03665191429188092
2.3000000000000003 8.3 4.4 0.04014257279586958 -0.061086523819801536 0.019198621771937624
2.3000000000000003 8.4 4.5 0.04014257279586958 -0.061086523819801536 0.019198621771937624
2.3000000000000003 8.3 4.5 0.054105206811824215 -0.08377580409572782 0
2.3000000000000003 8.3 4.5 0.054105206811824215 -0.07330382858376185 -0.0017453292519943296
2.3000000000000003 8.3 4.3 0.054105206811824215 -0.07330382858376185 -0.0017453292519943296
2.3000000000000003 8.3 4.3 0.054105206811824215 -0.07330382858376185 -0.0017453292519943296
2.3000000000000003 8.3 4.3 0.054105206811824215 -0.07330382858376185 -0.0017453292519943296
2.3000000000000003 8.3 4.3 0.017453292519943295 -0.0471238898038469 -0.003490658503988659
2.3000000000000003 8.3 4.3 -0.015707963267948967 -0.003490658503988659 -0.013962634015954637
2.2 8.200000000000001 4.3 -0.015707963267948967 -0.003490658503988659 -0.013962634015954637
2.2 8.200000000000001 4.3 -0.04188790204786391 0.026179938779914945 0.005235987755982989
2.1 8.200000000000001 4.5 -0.04188790204786391 0.026179938779914945 0.005235987755982989
2.1 8.3 4.6000000000000005 -0.019198621771937624 0.010471975511965978 0.027925268031909273
2.1 8.3 4.6000000000000005 0.015707963267948967 -0.027925268031909273 0.03839724354387525
2.3000000000000003 8.3 4.5 0.015707963267948967 -0.027925268031909273 0.03839724354387525
2.3000000000000003 8.3 4.5 0.015707963267948967 -0.027925268031909273 0.03839724354387525
2.3000000000000003 8.3 4.4 0.015707963267948967 -0.027925268031909273 0.03839724354387525
2.3000000000000003 8.3 4.4 0.020943951023931956 -0.05759586531581288 0.026179938779914945
2.3000000000000003 8.3 4.4 0.012217304763960306 -0.03839724354387525 0.024434609527920613
2.2 8.4 4.4 0.012217304763960306 -0.03839724354387525 0.024434609527920613
2.2 8.4 4.4 0.013962634015954637 -0.022689280275926284 0.04363323129985824
2.3000000000000003 8.4 4.4 0.013962634015954637 -0.022689280275926284 0.04363323129985824
2.4000000000000004 8.4 4.3 0 -0.013962634015954637 0.03839724354387525
2.5 8.4 4.4 -0.010471975511965978 -0.05061454830783556 0.008726646259971648
2.5 8.4 4.4 -0.010471975511965978 -0.05061454830783556 0.008726646259971648
2.5 8.4 4.4 -0.010471975511965978 -0.05061454830783556 0.008726646259971648
2.5 8.4 4.4 -0.010471975511965978 -0.05061454830783556 0.008726646259971648
2.5 8.4 4.4 -0.010471975511965978 -0.05061454830783556 0.008726646259971648
2.5 8.4 4.4 0.003490658503988659 -0.06806784082777885 -0.010471975511965978
2.3000000000000003 8.4 4.3 0.003490658503988659 -0.06806784082777885 -0.010471975511965978
2.3000000000000003 8.4 4.3 -0.013962634015954637 0.031415926535897934 0.0017453292519943296
2.4000000000000004 8.4 4.5 -0.013962634015954637 0.031415926535897934 0.0017453292519943296
2.5 8.4 4.6000000000000005 -0.006981317007977318 0.010471975511965978 -0.008726646259971648
2.5 8.4 4.6000000000000005 -0.006981317007977318 0.010471975511965978 -0.008726646259971648
2.5 8.4 4.800000000000001 -0.006981317007977318 0.010471975511965978 -0.008726646259971648
2.5 8.4 4.800000000000001 0.027925268031909273 -0.08726646259971647 -0.026179938779914945
2.4000000000000004 8.4 4.800000000000001 0.027925268031909273 -0.08726646259971647 -0.026179938779914945
2.4000000000000004 8.4 4.800000000000001 0.07330382858376185 -0.1291543646475804 -0.010471975511965978
2.4000000000000004 8.4 4.800000000000001 0.1361356816555577 -0.2059488517353309 0.005235987755982989
2.5 8.3 4.800000000000001 0.1361356816555577 -0.2059488517353309 0.005235987755982989
2.5 8.3 4.800000000000001 0.1832595714594046 -0.2722713633111154 0.013962634015954637
2.6 8.4 4.7 0.1832595714594046 -0.2722713633111154 0.013962634015954637
2.7 8.4 4.7 0.23736477827122882 -0.35779249665883756 0.010471975511965978
2.7 8.4 4.7 0.23736477827122882 -0.35779249665883756 0.010471975511965978
2.9000000000000004 8.4 4.800000000000001 0.23736477827122882 -0.35779249665883756 0.010471975511965978
2.9000000000000004 8.4 4.800000000000001 0.2844886680750757 -0.5061454830783556 0.020943951023931956
3.5 8.5 5.2 0.2844886680750757 -0.5061454830783556 0.020943951023931956
3.5 8.5 5.2 0.32114058236695664 -0.7243116395776468 0.04014257279586958
3.5 8.5 5.2 0.4415683007545654 -1.0471975511965979 0
4.2 8.6 6.1000000000000005 0.4415683007545654 -1.0471975511965979 0
4.2 8.6 6.1000000000000005 0.7557275661135447 -1.3439035240356338 -0.09075712110370514
4.3 8.700000000000001 6.4 0.7557275661135447 -1.3439035240356338 -0.09075712110370514
4.3 8.6 5.6000000000000005 1.1030480872604163 -1.4433872913993107 -0.14486232791552936
4.3 8.6 5.6000000000000005 1.1030480872604163 -1.4433872913993107 -0.14486232791552936
4.4 8.6 4.3 1.1030480872604163 -1.4433872913993107 -0.14486232791552936
4.4 8.6 4.3 1.265363707695889 -1.4346606451393389 -0.17278759594743862
4.5 8.6 3.8000000000000003 1.265363707695889 -1.4346606451393389 -0.17278759594743862
4.5 8.6 3.8000000000000003 1.2217304763960306 -1.5254177662430441 -0.16929693744344998
4.5 8.6 3.8000000000000003 1.1938052083641215 -1.70518667919846 -0.20245819323134223
4.7 8.6 3.9000000000000004 1.1938052083641215 -1.70518667919846 -0.20245819323134223
4.7 8.6 3.9000000000000004 1.31423292675173 -1.8867009214058703 -0.21991148575128552
4.5 8.700000000000001 4.4 1.31423292675173 -1.8867009214058703 -0.21991148575128552
4.5 8.700000000000001 4.4 1.4416419621473162 -1.9687313962496038 -0.19722220547535924
4.5 8.700000000000001 4.4 1.5603243512829306 -2.0245819323134224 -0.14486232791552936
4.7 8.9 3.7 1.5603243512829306 -2.0245819323134224 -0.14486232791552936
4.7 8.9 3.7 1.827359726838063 -2.2095868330248214 -0.09250245035569947
4.7 8.9 3.7 1.827359726838063 -2.2095868330248214 -0.09250245035569947
4.5 8.700000000000001 2.9000000000000004 2.0943951023931957 -2.3108159296404924 -0.1710422666954443
4.5 8.700000000000001 2.9000000000000004 2.2846359908605773 -2.3177972466484698 -0.1884955592153876
3.9000000000000004 8.700000000000001 2.1 2.2846359908605773 -2.3177972466484698 -0.1884955592153876
3.9000000000000004 8.700000000000001 2.1 2.2846359908605773 -2.3177972466484698 -0.1884955592153876
3.9000000000000004 8.4 1.1 2.2846359908605773 -2.3177972466484698 -0.1884955592153876
3.9000000000000004 8.4 1.1 2.405063709248186 -2.1956241990088667 -0.153588974175501
3.4000000000000004 8.200000000000001 0.4 2.55167136641571 -2.335250539168413 -0.1239183768915974
3.4000000000000004 8.200000000000001 0.4 2.55167136641571 -2.335250539168413 -0.1239183768915974
3.4000000000000004 8.200000000000001 0.4 2.707005669843205 -2.6982790235832335 -0.10646508437165411
3.3000000000000003 7.9 -0.8 2.707005669843205 -2.6982790235832335 -0.10646508437165411
2.9000000000000004 7.9 -2.6 2.731440279371126 -2.569124658935653 -0.15009831567151236
2.9000000000000004 7.9 -2.6 2.473131550075965 -2.0734511513692637 -0.16929693744344998
2.4000000000000004 7.9 -4.2 2.473131550075965 -2.0734511513692637 -0.16929693744344998
2.4000000000000004 7.9 -4.2 2.473131550075965 -2.0734511513692637 -0.16929693744344998
2 7.800000000000001 -4.2 2.473131550075965 -2.0734511513692637 -0.16929693744344998
2 7.800000000000001 -4.2 2.076941809873252 -1.7872171540421935 -0.17453292519943295
2 7.800000000000001 -4.2 1.8657569703819383 -1.5865042900628457 -0.16929693744344998
1.7000000000000002 7.9 -3.1 1.8657569703819383 -1.5865042900628457 -0.16929693744344998
1.7000000000000002 7.9 -3.1 2.0734511513692637 -1.715658654710426 -0.13962634015954636
1.3 7.800000000000001 -3.3000000000000003 2.0734511513692637 -1.715658654710426 -0.13962634015954636
1.2000000000000002 7.6000000000000005 -4.800000000000001 2.2322761133007476 -1.900663555421825 -0.0942477796076938
1.2000000000000002 7.6000000000000005 -4.800000000000001 2.139773662945048 -1.8832102629018816 -0.10646508437165411
1.3 7.4 -6.1000000000000005 2.139773662945048 -1.8832102629018816 -0.10646508437165411
1.3 7.4 -6.1000000000000005 2.139773662945048 -1.8832102629018816 -0.10646508437165411
0.7000000000000001 7.4 -6.9 2.139773662945048 -1.8832102629018816 -0.10646508437165411
0.7000000000000001 7.4 -6.9 1.8430676901060121 -1.6650441064025905 -0.1710422666954443
0.7000000000000001 7.4 -6.9 1.4835298641951802 -1.413716694115407 -0.1518436449235067
0.30000000000000004 7.300000000000001 -6.5 1.4835298641951802 -1.413716694115407 -0.1518436449235067
0.30000000000000004 7.300000000000001 -6.5 1.2897983172238097 -1.296779634231787 -0.15533430342749532
0.6000000000000001 7 -6.300000000000001 1.2897983172238097 -1.296779634231787 -0.15533430342749532
0.4 6.7 -6.5 1.2042771838760875 -1.3439035240356338 -0.28099800957108706
0.4 6.7 -6.5 1.1850785621041497 -1.3735741213195374 -0.3543018381548489
0.2 6.4 -7.1000000000000005 1.1850785621041497 -1.3735741213195374 -0.3543018381548489
0.2 6.4 -7.1000000000000005 1.1519173063162575 -1.4154620233674013 -0.4363323129985824
-0.6000000000000001 6.2 -8 1.1519173063162575 -1.4154620233674013 -0.4363323129985824
-0.6000000000000001 6.2 -8 0.9302604913129777 -1.2880529879718152 -0.5934119456780721
-0.6000000000000001 6.2 -8 0.5253441048502933 -0.8621926504851988 -0.6213372137099813
-1.5 6.4 -7.6000000000000005 0.5253441048502933 -0.8621926504851988 -0.6213372137099813
-1.5 6.4 -7.6000000000000005 0.33859387488689996 -0.6527531402458793 -0.5986479334340551
-1.4000000000000001 6.300000000000001 -5.6000000000000005 0.33859387488689996 -0.6527531402458793 -0.5986479334340551
-0.9 6.300000000000001 -3.7 0.4834562028024293 -0.7347836150896128 -0.5393067388662478
-0.9 6.300000000000001 -3.7 0.4834562028024293 -0.7347836150896128 -0.5393067388662478
-0.7000000000000001 6.1000000000000005 -4.6000000000000005 0.4834562028024293 -0.7347836150896128 -0.5393067388662478
-0.7000000000000001 6.1000000000000005 -4.6000000000000005 1.111774733520388 -1.4049900478554354 -0.6387905062299246
-1.3 5.9 -6.7 1.111774733520388 -1.4049900478554354 -0.6387905062299246
-1.3 5.9 -6.7 1.4625859131712482 -1.6755160819145565 -0.7714355293814937
-2.2 6.1000000000000005 -7.6000000000000005 1.3089969389957472 -1.4556045961632709 -0.7679448708775051
-2.2 6.1000000000000005 -7.6000000000000005 1.3089969389957472 -1.4556045961632709 -0.7679448708775051
-2.2 6.1000000000000005 -7.6000000000000005 0.9983283321407566 -1.356120828799594 -0.5829399701661061
-2.4000000000000004 6.4 -7.2 0.9983283321407566 -1.356120828799594 -0.5829399701661061
-2.4000000000000004 6.4 -7.2 0.8674286382411818 -1.3212142437597074 -0.4956735075663896
-2.4000000000000004 6.4 -7.2 0.7906341511534313 -1.2095131716320704 -0.4590215932745087
-1.1 6.4 -5.7 0.7906341511534313 -1.2095131716320704 -0.4590215932745087
-1.1 6.4 -5.7 0.7120943348136864 -1.0157816246606999 -0.5585053606381855
-1.1 6.4 -5.7 0.7120943348136864 -1.0157816246606999 -0.5585053606381855
-1.4000000000000001 6.7 -5.5 0.8255407361933179 -0.8848819307611251 -0.5864306286700948
-0.6000000000000001 6 -6.300000000000001 1.0088003076527225 -0.5707226654021458 -0.7417649320975901
-0.6000000000000001 6 -6.300000000000001 1.0088003076527225 -0.5707226654021458 -0.7417649320975901
-0.6000000000000001 6 -6.300000000000001 1.1484266478122689 -0.307177948351002 -1.02799892942466
-2.2 5.6000000000000005 -7.5 1.1484266478122689 -0.307177948351002 -1.02799892942466
-3.8000000000000003 5.1000000000000005 -9.200000000000001 1.1257373675363427 -0.14311699866353503 -1.1152653920243767
-3.8000000000000003 5.1000000000000005 -9.200000000000001 1.1257373675363427 -0.14311699866353503 -1.1152653920243767
-3.8000000000000003 5.1000000000000005 -9.200000000000001 1.1257373675363427 -0.14311699866353503 -1.1152653920243767
-3.8000000000000003 5.1000000000000005 -9.200000000000001 0.8429940287132612 -0.153588974175501 -1.0192722831646885
-4.7 3.5 -10.5 0.8429940287132612 -0.153588974175501 -1.0192722831646885
-4.7 3.5 -10.5 0.4171336912266448 -0.17453292519943295 -0.8831366015091308
-4.7 3.5 -10.5 0.054105206811824215 -0.25481807079117214 -0.7871434926494426
-5.7 2.9000000000000004 -10.600000000000001 0.054105206811824215 -0.25481807079117214 -0.7871434926494426
-6.300000000000001 2.7 -9.4 -0.2932153143350474 -0.11344640137963143 -0.5567600313861911
-6.300000000000001 2.7 -9.4 -0.2932153143350474 -0.11344640137963143 -0.5567600313861911
-6.300000000000001 2.7 -9.4 -0.2932153143350474 -0.11344640137963143 -0.5567600313861911
-6.300000000000001 2.7 -9.4 -0.36826447217080355 -0.16929693744344998 -0.3490658503988659
-6 2.5 -8.200000000000001 -0.36826447217080355 -0.16929693744344998 -0.3490658503988659
-6 2.5 -8.200000000000001 -0.2932153143350474 -0.28099800957108706 -0.2059488517353309
-5.7 3.2 -7.4 -0.2932153143350474 -0.28099800957108706 -0.2059488517353309
-5.7 3.2 -7.4 -0.153588974175501 -0.42062434973063345 -0.0942477796076938
-5.7 3.2 -7.4 -0.15009831567151236 -0.41538836197465046 -0.013962634015954637
-4.800000000000001 3.9000000000000004 -7.5 -0.15009831567151236 -0.41538836197465046 -0.013962634015954637
-4.800000000000001 3.9000000000000004 -7.5 -0.15009831567151236 -0.41538836197465046 -0.013962634015954637
-4.7 4.2 -7.7 -0.15009831567151236 -0.41538836197465046 -0.013962634015954637
-4.7 4.2 -7.7 -0.23736477827122882 -0.3822271061867582 -0.0890117918517108
-4.7 4.2 -7.7 -0.38571776469074687 -0.21642082724729686 -0.20769418098732523
-5.4 4.800000000000001 -7.1000000000000005 -0.38571776469074687 -0.21642082724729686 -0.20769418098732523
-5.4 4.800000000000001 -7.1000000000000005 -0.38746309394274114 -0.19722220547535924 -0.2827433388230814
-6 5.6000000000000005 -7.300000000000001 -0.38746309394274114 -0.19722220547535924 -0.2827433388230814
-6 5.6000000000000005 -7.300000000000001 -0.47123889803846897 -0.22165681500327986 -0.3909537524467298
-7.1000000000000005 4.9 -8.5 -0.7958701389094143 -0.26179938779914946 -0.5829399701661061
-7.1000000000000005 4.9 -8.5 -0.7958701389094143 -0.26179938779914946 -0.5829399701661061
-7.1000000000000005 4.9 -8.5 -0.7958701389094143 -0.26179938779914946 -0.5829399701661061
-10.3 4 -7.800000000000001 -0.7958701389094143 -0.26179938779914946 -0.5829399701661061
-10.3 4 -7.800000000000001 -1.111774733520388 -0.3665191429188092 -0.7696902001294994
-10.3 4 -7.800000000000001 -1.3281955607676847 -0.5166174585903216 -0.6370451769779303
-12.700000000000001 3.2 -6 -1.3281955607676847 -0.5166174585903216 -0.6370451769779303
-12.700000000000001 3.2 -6 -1.3124875974997359 -0.7417649320975901 -0.3246312408709453
-12.5 2.6 -5.7 -1.3124875974997359 -0.7417649320975901 -0.3246312408709453
-12 2.4000000000000004 -7.1000000000000005 -1.3648474750595658 -0.7365289443416071 -0.25132741228718347
-12.200000000000001 2.5 -7.7 -1.7191493132144147 -0.3665191429188092 -0.2635447170511438
-12.200000000000001 2.5 -7.7 -1.7191493132144147 -0.3665191429188092 -0.2635447170511438
-12.200000000000001 2.5 -7.7 -1.7191493132144147 -0.3665191429188092 -0.2635447170511438
-12.8 3.3000000000000003 -6.800000000000001 -1.7191493132144147 -0.3665191429188092 -0.2635447170511438
-12.8 3.3000000000000003 -6.800000000000001 -2.117084382669122 -0.22689280275926285 -0.3089232776029963
-12.8 3.3000000000000003 -6.800000000000001 -2.181661564992912 -0.16929693744344998 -0.12566370614359174
-15.200000000000001 4.3 -3.9000000000000004 -2.181661564992912 -0.16929693744344998 -0.12566370614359174
-15.200000000000001 4.3 -3.9000000000000004 -1.7558012275062955 -0.25132741228718347 0.4468042885105484
-16.5 5.1000000000000005 -2.3000000000000003 -1.7558012275062955 -0.25132741228718347 0.4468042885105484
-14.5 5.1000000000000005 -2.7 -1.127482696788337 -0.5061454830783556 1.2775810124598492
-14.5 5.1000000000000005 -2.7 -1.127482696788337 -0.5061454830783556 1.2775810124598492
-12.200000000000001 4.6000000000000005 -4.6000000000000005 -1.127482696788337 -0.5061454830783556 1.2775810124598492
-12.200000000000001 4.6000000000000005 -4.6000000000000005 -0.7086036763096978 -0.4328416544945937 1.9041542139258136
-10.5 4.5 -5.6000000000000005 -0.7086036763096978 -0.4328416544945937 1.9041542139258136
-10.5 4.5 -5.6000000000000005 -0.7888888219014369 -0.5916666164260778 2.6022859147235455
-5.4 3.7 -5 -1.2461650859239513 0.18500490071139894 3.2009338481576006
-5.4 3.7 -5 -1.2461650859239513 0.18500490071139894 3.2009338481576006
-5.4 3.7 -5 -1.5149457907310782 1.0227629416686772 3.6651914291880923
-6.1000000000000005 4.3 -2.4000000000000004 -1.5149457907310782 1.0227629416686772 3.6651914291880923
0.1 2.5 0 -1.160643952576229 0.8429940287132612 4.66002910282486
