2.7 8.9 2 0.15533430342749532 -0.10995574287564276 0.003490658503988659
1.4000000000000001 9.5 1 0.16406094968746698 -0.012217304763960306 -0.006981317007977318
1.4000000000000001 9.5 1 0.16406094968746698 -0.012217304763960306 -0.006981317007977318
3 8.8 1.6 -0.017453292519943295 -0.2181661564992912 0.2111848394913139
3 8.8 1.6 0.020943951023931956 -0.16231562043547265 0.12217304763960307
3.1 9.1 1.7000000000000002 0.020943951023931956 -0.16231562043547265 0.12217304763960307
2.8000000000000003 9.200000000000001 1.2000000000000002 0.020943951023931956 -0.16231562043547265 0.12217304763960307
2.8000000000000003 9.200000000000001 1.2000000000000002 0.020943951023931956 -0.16231562043547265 0.12217304763960307
2.7 9.3 1.3 -0.0767944870877505 0.029670597283903602 0.005235987755982989
2.7 9.3 1.3 -0.0767944870877505 0.029670597283903602 0.005235987755982989
2.7 9.3 1.7000000000000002 -0.0767944870877505 0.029670597283903602 0.005235987755982989
2.7 9.3 1.7000000000000002 -0.11868238913561441 0.04363323129985824 0.008726646259971648
2.7 9.3 1.7000000000000002 -0.11868238913561441 0.04363323129985824 0.008726646259971648
2.9000000000000004 9.3 1.9000000000000001 -0.07330382858376185 -0.003490658503988659 -0.006981317007977318
2.9000000000000004 9.3 1.9000000000000001 -0.07330382858376185 -0.003490658503988659 -0.006981317007977318
2.7 9.4 1.8 -0.07330382858376185 -0.003490658503988659 -0.006981317007977318
2.7 9.4 1.7000000000000002 -0.024434609527920613 0.005235987755982989 -0.006981317007977318
2.7 9.4 1.7000000000000002 -0.024434609527920613 0.005235987755982989 -0.006981317007977318
2.7 9.4 1.7000000000000002 0.010471975511965978 0.03490658503988659 0.013962634015954637
2.7 9.4 1.7000000000000002 0.03316125578789226 0.029670597283903602 0.022689280275926284
2.8000000000000003 9.3 1.6 0.03316125578789226 0.029670597283903602 0.022689280275926284
3 9.4 1.5 0.03665191429188092 -0.006981317007977318 0.024434609527920613
3 9.4 1.5 0.03665191429188092 -0.006981317007977318 0.024434609527920613
3.1 9.3 1.5 0.03839724354387525 -0.05061454830783556 -0.010471975511965978
3.1 9.3 1.5 0.03839724354387525 -0.05061454830783556 -0.010471975511965978
3 9.3 1.6 0.03839724354387525 -0.05061454830783556 -0.010471975511965978
2.9000000000000004 9.3 1.4000000000000001 0.059341194567807204 -0.09948376736367678 -0.04014257279586958
2.9000000000000004 9.3 1.4000000000000001 0.059341194567807204 -0.09948376736367678 -0.04014257279586958
2.9000000000000004 9.3 1.4000000000000001 0.0890117918517108 -0.07155849933176751 -0.04363323129985824
2.9000000000000004 9.3 1.4000000000000001 0.08028514559173916 -0.07853981633974483 -0.010471975511965978
2.9000000000000004 9.3 1.4000000000000001 0.08028514559173916 -0.07853981633974483 -0.010471975511965978
3 9.200000000000001 1.4000000000000001 0.09075712110370514 -0.07330382858376185 -0.017453292519943295
3 9.200000000000001 1.4000000000000001 0.09075712110370514 -0.07330382858376185 -0.017453292519943295
2.9000000000000004 9.200000000000001 1.3 0.0942477796076938 -0.06981317007977318 -0.026179938779914945
2.9000000000000004 9.200000000000001 1.3 0.0942477796076938 -0.06981317007977318 -0.026179938779914945
3 9.1 1.5 0.0942477796076938 -0.06981317007977318 -0.026179938779914945
3 9.1 1.4000000000000001 0.09250245035569947 -0.11519173063162576 -0.029670597283903602
3 9.1 1.4000000000000001 0.09250245035569947 -0.11519173063162576 -0.029670597283903602
3 9.1 1.4000000000000001 0.12217304763960307 -0.12740903539558607 -0.0471238898038469
3 9.1 1.4000000000000001 0.11693705988362008 -0.13439035240356337 -0.03665191429188092
2.8000000000000003 9 1.3 0.11693705988362008 -0.13439035240356337 -0.03665191429188092
2.9000000000000004 9 1.2000000000000002 0.09075712110370514 -0.11868238913561441 -0.026179938779914945
2.9000000000000004 9 1.2000000000000002 0.09075712110370514 -0.11868238913561441 -0.026179938779914945
2.8000000000000003 9 1.3 0.0645771823237902 -0.05759586531581288 -0.017453292519943295
2.8000000000000003 9 1.3 0.0645771823237902 -0.05759586531581288 -0.017453292519943295
2.8000000000000003 9 1.4000000000000001 0.0645771823237902 -0.05759586531581288 -0.017453292519943295
2.8000000000000003 9 1.4000000000000001 0.0645771823237902 -0.020943951023931956 0.003490658503988659
2.8000000000000003 9 1.4000000000000001 0.0645771823237902 -0.020943951023931956 0.003490658503988659
2.8000000000000003 9.1 1.4000000000000001 0.0890117918517108 -0.10646508437165411 0.0017453292519943296
2.8000000000000003 9.1 1.4000000000000001 0.11693705988362008 -0.16231562043547265 -0.020943951023931956
3 9.1 1.3 0.11693705988362008 -0.16231562043547265 -0.020943951023931956
2.9000000000000004 9.200000000000001 1.2000000000000002 0.11868238913561441 -0.14835298641951802 -0.04014257279586958
2.9000000000000004 9.200000000000001 1.2000000000000002 0.11868238913561441 -0.14835298641951802 -0.04014257279586958
2.8000000000000003 9.200000000000001 1.1 0.1117010721276371 -0.11344640137963143 -0.048869219055841226
2.8000000000000003 9.200000000000001 1.1 0.1117010721276371 -0.11344640137963143 -0.048869219055841226
2.5 9.200000000000001 1.1 0.1117010721276371 -0.11344640137963143 -0.048869219055841226
2.5 9.200000000000001 1.1 0.09773843811168245 -0.0767944870877505 -0.031415926535897934
2.5 9.200000000000001 1.1 0.09773843811168245 -0.0767944870877505 -0.031415926535897934
2.6 9.200000000000001 0.9 0.0890117918517108 -0.05061454830783556 -0.005235987755982989
2.6 9.200000000000001 0.9 0.06283185307179587 -0.024434609527920613 0.008726646259971648
2.7 9.200000000000001 0.8 0.06283185307179587 -0.024434609527920613 0.008726646259971648
2.6 9.200000000000001 0.9 0.026179938779914945 -0.04014257279586958 0.017453292519943295
2.6 9.200000000000001 0.9 0.026179938779914945 -0.04014257279586958 0.017453292519943295
2.8000000000000003 9.200000000000001 1.1 0.019198621771937624 -0.022689280275926284 0.03316125578789226
2.8000000000000003 9.200000000000001 1.1 0.019198621771937624 -0.022689280275926284 0.03316125578789226
3.1 9.200000000000001 1.2000000000000002 0.019198621771937624 -0.022689280275926284 0.03316125578789226
3.1 9.200000000000001 1.2000000000000002 0.031415926535897934 -0.026179938779914945 0.020943951023931956
3.1 9.200000000000001 1.2000000000000002 0.031415926535897934 -0.026179938779914945 0.020943951023931956
2.9000000000000004 9.200000000000001 1.2000000000000002 0.04363323129985824 -0.04363323129985824 -0.024434609527920613
2.9000000000000004 9.200000000000001 1.2000000000000002 0.07853981633974483 -0.06632251157578452 -0.020943951023931956
3 9.200000000000001 1.2000000000000002 0.07853981633974483 -0.06632251157578452 -0.020943951023931956
2.9000000000000004 9.3 1.1 0.12217304763960307 -0.08028514559173916 -0.027925268031909273
2.9000000000000004 9.3 1.1 0.12217304763960307 -0.08028514559173916 -0.027925268031909273
3.1 9.200000000000001 1.2000000000000002 0.11519173063162576 -0.12566370614359174 -0.006981317007977318
3.1 9.200000000000001 1.2000000000000002 0.11519173063162576 -0.12566370614359174 -0.006981317007977318
3.4000000000000004 9.3 1.6 0.11519173063162576 -0.12566370614359174 -0.006981317007977318
3.4000000000000004 9.3 1.6 0.15009831567151236 -0.1884955592153876 -0.020943951023931956
3.4000000000000004 9.3 1.6 0.15009831567151236 -0.1884955592153876 -0.020943951023931956
3.7 9.200000000000001 1.8 0.25481807079117214 -0.27052603405912107 -0.03490658503988659
3.7 9.200000000000001 1.8 0.3193952531149623 -0.3543018381548489 -0.04537856055185257
4.4 9.3 2 0.3193952531149623 -0.3543018381548489 -0.04537856055185257
4.4 9.5 2.3000000000000003 0.5253441048502933 -0.614355896702004 -0.13264502315156904
4.4 9.5 2.3000000000000003 0.5253441048502933 -0.614355896702004 -0.13264502315156904
4.4 9.5 2.3000000000000003 0.6073745796940268 -0.6632251157578453 -0.12566370614359174
4.4 9.5 2.3000000000000003 0.6981317007977318 -0.7138396640656808 -0.12740903539558607
5.2 9.600000000000001 2.4000000000000004 0.6981317007977318 -0.7138396640656808 -0.12740903539558607
5.300000000000001 9.3 2.3000000000000003 0.9354964790689606 -0.8080874436733746 -0.23561944901923448
5.300000000000001 9.3 2.3000000000000003 0.9354964790689606 -0.8080874436733746 -0.23561944901923448
4.800000000000001 9.200000000000001 2 1.1938052083641215 -0.9616764178488756 -0.2775073510670984
4.800000000000001 9.200000000000001 2 1.1938052083641215 -0.9616764178488756 -0.2775073510670984
5 9 1.7000000000000002 1.1938052083641215 -0.9616764178488756 -0.2775073510670984
5.300000000000001 8.9 0.9 1.4416419621473162 -1.2007865253720988 -0.2059488517353309
5.300000000000001 8.9 0.9 1.4416419621473162 -1.2007865253720988 -0.2059488517353309
5.300000000000001 8.9 0.9 1.6685347649065791 -1.3613568165555772 -0.18500490071139894
5.300000000000001 8.9 0.9 1.7854718247901993 -1.3788101090755205 -0.2530727415391778
5.1000000000000005 8.9 -0.30000000000000004 1.7854718247901993 -1.3788101090755205 -0.2530727415391778
4.2 8.8 -1 1.8081611050661255 -1.1780972450961724 -0.307177948351002
4.2 8.8 -1 1.8081611050661255 -1.1780972450961724 -0.307177948351002
3.6 8.8 -1.9000000000000001 1.7802358370342162 -1.0838494654884787 -0.23038346126325152
3.6 8.8 -1.9000000000000001 1.7802358370342162 -1.0838494654884787 -0.23038346126325152
3.7 8.8 -2.7 1.7802358370342162 -1.0838494654884787 -0.23038346126325152
3.4000000000000004 8.9 -2.7 1.6964600329384885 -1.090830782496456 -0.18500490071139894
3.4000000000000004 8.9 -2.7 1.6964600329384885 -1.090830782496456 -0.18500490071139894
3.4000000000000004 8.9 -2.7 1.520181778487061 -1.0559241974565694 -0.23212879051524585
3.4000000000000004 8.9 -2.7 1.5044738152191122 -1.0349802464326374 -0.2722713633111154
2.6 8.700000000000001 -2.3000000000000003 1.5044738152191122 -1.0349802464326374 -0.2722713633111154
1.9000000000000001 8.5 -2.9000000000000004 1.572541656046891 -0.9477137838329209 -0.26878070480712674
1.9000000000000001 8.5 -2.9000000000000004 1.572541656046891 -0.9477137838329209 -0.26878070480712674
1.4000000000000001 8.6 -3.4000000000000004 1.556833692778942 -0.8656833089891874 -0.2111848394913139
1.4000000000000001 8.6 -3.4000000000000004 1.556833692778942 -0.8656833089891874 -0.2111848394913139
1.4000000000000001 8.4 -4.1000000000000005 1.556833692778942 -0.8656833089891874 -0.2111848394913139
1.5 8.200000000000001 -5 1.5376350710070044 -0.8360127117052839 -0.13962634015954636
1.5 8.200000000000001 -5 1.5376350710070044 -0.8360127117052839 -0.13962634015954636
1.5 8.200000000000001 -5 1.4346606451393389 -0.8587019919812101 -0.13788101090755203
1.5 8.200000000000001 -5 1.1292280260403313 -0.7504915783575618 -0.21293016874330822
1.4000000000000001 8.200000000000001 -5.4 1.1292280260403313 -0.7504915783575618 -0.21293016874330822
0.30000000000000004 8.3 -4.2 0.8552113334772214 -0.614355896702004 -0.2478367537831948
0.30000000000000004 8.3 -4.2 0.8552113334772214 -0.614355896702004 -0.2478367537831948
-0.1 8.1 -3.5 0.9040805525330627 -0.6649704450098396 -0.15533430342749532
-0.1 8.1 -3.5 0.9040805525330627 -0.6649704450098396 -0.15533430342749532
0.4 7.800000000000001 -3.8000000000000003 0.9040805525330627 -0.6649704450098396 -0.15533430342749532
0.4 7.800000000000001 -3.8000000000000003 1.064650843716541 -0.8761552845011534 -0.10821041362364843
0.4 7.800000000000001 -3.8000000000000003 1.064650843716541 -0.8761552845011534 -0.10821041362364843
0.4 7.6000000000000005 -4.6000000000000005 1.2793263417118437 -1.127482696788337 -0.18151424220741028
0.4 7.6000000000000005 -4.6000000000000005 1.3840460968315034 -1.3439035240356338 -0.24958208303518914
-0.2 7.4 -6.2 1.3840460968315034 -1.3439035240356338 -0.24958208303518914
-0.6000000000000001 7.300000000000001 -7.7 1.1798425743481669 -1.1990411961201044 -0.2478367537831948
-0.6000000000000001 7.300000000000001 -7.7 1.1798425743481669 -1.1990411961201044 -0.2478367537831948
-1.3 7.2 -7.5 0.7888888219014369 -1.0524335389525807 -0.21991148575128552
-1.3 7.2 -7.5 0.7888888219014369 -1.0524335389525807 -0.21991148575128552
-1.1 7 -6 0.7888888219014369 -1.0524335389525807 -0.21991148575128552
-1.1 7 -6 0.5689773361501514 -1.085594794740473 -0.12217304763960307
-1.1 7 -6 0.5689773361501514 -1.085594794740473 -0.12217304763960307
-1 6.9 -5.300000000000001 0.7574728953655391 -1.3124875974997359 -0.14311699866353503
-1 6.9 -5.300000000000001 0.7574728953655391 -1.3124875974997359 -0.14311699866353503
-1.8 6.800000000000001 -7 0.7574728953655391 -1.3124875974997359 -0.14311699866353503
-2.2 6.800000000000001 -8 0.7714355293814937 -1.424188669627373 -0.08726646259971647
-2.2 6.800000000000001 -8 0.7714355293814937 -1.424188669627373 -0.08726646259971647
-1.8 6.9 -7.800000000000001 0.3717551306747922 -1.1571532940722404 0.008726646259971648
-1.8 6.9 -7.800000000000001 0.3717551306747922 -1.1571532940722404 0.008726646259971648
-1.3 7 -6.4 0.3717551306747922 -1.1571532940722404 0.008726646259971648
-1.3 7 -6.4 0.015707963267948967 -0.8447393579652556 0.048869219055841226
-1.3 7 -6.4 0.015707963267948967 -0.8447393579652556 0.048869219055841226
-1.3 7.1000000000000005 -4.6000000000000005 -0.04014257279586958 -0.7592182246175334 0.03665191429188092
-1.3 7.1000000000000005 -4.6000000000000005 0.2897246558310587 -0.8499753457212386 0.06806784082777885
-1.4000000000000001 7.2 -4 0.2897246558310587 -0.8499753457212386 0.06806784082777885
-1.6 7.2 -5.1000000000000005 0.6091199089460211 -1.0122909661567112 0.12042771838760874
-1.6 7.2 -5.1000000000000005 0.6091199089460211 -1.0122909661567112 0.12042771838760874
-1.6 7.2 -5.1000000000000005 0.6091199089460211 -1.0122909661567112 0.12042771838760874
-1.6 7.2 -5.1000000000000005 0.6841690667817772 -0.8534660042252271 0.10471975511965978
-1.3 6.4 -6.6000000000000005 0.6841690667817772 -0.8534660042252271 0.10471975511965978
-1.3 6.4 -6.6000000000000005 0.5742133239061344 -0.5811946409141118 -0.017453292519943295
-1.3 6.4 -6.6000000000000005 0.5742133239061344 -0.5811946409141118 -0.017453292519943295
-2.3000000000000003 6.2 -6.4 0.5044001538263613 -0.5270894341022876 -0.13089969389957473
-2.3000000000000003 6.2 -6.4 0.5044001538263613 -0.5270894341022876 -0.13089969389957473
-2.9000000000000004 6 -6.6000000000000005 0.5044001538263613 -0.5270894341022876 -0.13089969389957473
-2.9000000000000004 5.800000000000001 -7.7 0.5916666164260778 -0.6056292504420324 -0.06632251157578452
-2.9000000000000004 5.800000000000001 -7.7 0.5916666164260778 -0.6056292504420324 -0.06632251157578452
-2.9000000000000004 5.800000000000001 -7.7 0.6283185307179586 -0.619591884457987 -0.024434609527920613
-2.9000000000000004 5.800000000000001 -7.7 0.48171087355043496 -0.5113814708343386 0.03490658503988659
-3.2 6 -8.1 0.48171087355043496 -0.5113814708343386 0.03490658503988659
-2.9000000000000004 6 -8.1 0.24958208303518914 -0.48171087355043496 0.13089969389957473
-2.9000000000000004 6 -8.1 0.24958208303518914 -0.48171087355043496 0.13089969389957473
-2.5 6.300000000000001 -7.7 0 -0.32288591161895097 0.14835298641951802
-2.5 6.300000000000001 -7.7 0 -0.32288591161895097 0.14835298641951802
-2.6 6.6000000000000005 -6.7 0 -0.32288591161895097 0.14835298641951802
-2.5 6.800000000000001 -6.7 -0.11868238913561441 -0.22514747350726852 0.08726646259971647
-2.5 6.800000000000001 -6.7 -0.11868238913561441 -0.22514747350726852 0.08726646259971647
-2.5 6.800000000000001 -6.7 -0.08203047484373349 -0.22165681500327986 0.08552113334772216
-2.5 6.800000000000001 -6.7 -0.15009831567151236 -0.11693705988362008 0.05235987755982989
-2 6.800000000000001 -7.2 -0.15009831567151236 -0.11693705988362008 0.05235987755982989
-2.3000000000000003 7.2 -6.6000000000000005 -0.26179938779914946 -0.017453292519943295 -0.031415926535897934
-2.3000000000000003 7.2 -6.6000000000000005 -0.26179938779914946 -0.017453292519943295 -0.031415926535897934
-1.9000000000000001 7.1000000000000005 -5.800000000000001 -0.2478367537831948 0.07853981633974483 -0.06806784082777885
-1.9000000000000001 7.1000000000000005 -5.800000000000001 -0.2478367537831948 0.07853981633974483 -0.06806784082777885
-1.8 7 -6 -0.2478367537831948 0.07853981633974483 -0.06806784082777885
-2.6 7.300000000000001 -7 -0.04014257279586958 0.04537856055185257 -0.20943951023931956
-2.6 7.300000000000001 -7 -0.04014257279586958 0.04537856055185257 -0.20943951023931956
-2.6 7.300000000000001 -7 0.06283185307179587 0.04014257279586958 -0.3892084231947355
-2.6 7.300000000000001 -7 -0.020943951023931956 0.10471975511965978 -0.4939281783143953
-3.2 7.6000000000000005 -7.4 -0.020943951023931956 0.10471975511965978 -0.4939281783143953
-3.2 7.6000000000000005 -7.1000000000000005 -0.13788101090755203 0.2478367537831948 -0.5759586531581288
-3.2 7.6000000000000005 -7.1000000000000005 -0.13788101090755203 0.2478367537831948 -0.5759586531581288
-3.9000000000000004 7.1000000000000005 -7.2 -0.13089969389957473 0.24958208303518914 -0.7295476273336298
-3.9000000000000004 7.1000000000000005 -7.2 -0.13089969389957473 0.24958208303518914 -0.7295476273336298
-5 6.2 -7.6000000000000005 -0.13089969389957473 0.24958208303518914 -0.7295476273336298
-5 6.2 -7.6000000000000005 -0.15009831567151236 0.1413716694115407 -0.9407324668249436
-5 6.2 -7.6000000000000005 -0.15009831567151236 0.1413716694115407 -0.9407324668249436
-8.1 5.9 -8 -0.31590459461097364 0.08552113334772216 -1.0873401239924674
-8.1 5.9 -8 -0.6073745796940268 0.031415926535897934 -0.9337511498169664
-10.9 5.9 -7.6000000000000005 -0.6073745796940268 0.031415926535897934 -0.9337511498169664
-11.8 6 -6.7 -0.7993607974134029 0.14835298641951802 -0.4991641660703783
-11.8 6 -6.7 -0.7993607974134029 0.14835298641951802 -0.4991641660703783
-11.4 6.6000000000000005 -7.2 -0.9023352232810684 0.3351032163829113 -0.0767944870877505
-11.4 6.6000000000000005 -7.2 -0.9023352232810684 0.3351032163829113 -0.0767944870877505
-10.5 7.1000000000000005 -4.7 -0.9023352232810684 0.3351032163829113 -0.0767944870877505
-10.5 7.1000000000000005 -4.7 -0.9808750396208132 0.4084070449666731 0.14835298641951802
-10.5 7.1000000000000005 -4.7 -0.9808750396208132 0.4084070449666731 0.14835298641951802
-9.1 7.2 -4.2 -0.466002910282486 -0.28623399732707006 0.19373154697137057
-9.1 7.2 -4.2 -0.2111848394913139 -0.23911010752322315 0.12740903539558607
-8.200000000000001 7.1000000000000005 -6.6000000000000005 -0.2111848394913139 -0.23911010752322315 0.12740903539558607
-9.1 7 -7.1000000000000005 -0.5515240436302081 0.059341194567807204 0.10471975511965978
-9.1 7 -7.1000000000000005 -0.5515240436302081 0.059341194567807204 0.10471975511965978
-9 7.2 -5.300000000000001 -0.9110618695410401 0.5323254218582705 0.39269908169872414
-9 7.2 -5.300000000000001 -0.9110618695410401 0.5323254218582705 0.39269908169872414
-7.5 7 -3.8000000000000003 -0.9110618695410401 0.5323254218582705 0.39269908169872414
-7.5 7 -3.8000000000000003 -0.8779006137531478 0.4677482395344803 0.7487462491055674
-7.5 7 -3.8000000000000003 -0.8779006137531478 0.4677482395344803 0.7487462491055674
-5.6000000000000005 6.7 -1.6 -0.4066617157146788 -0.158824961931484 1.0349802464326374
-5.6000000000000005 6.7 -1.6 0.3001966313430247 -0.6475171524898963 1.270599695451872
-4.3 6.6000000000000005 -3.7 0.3001966313430247 -0.6475171524898963 1.270599695451872
-4 6.9 -6.300000000000001 0.307177948351002 -0.25656340004316647 1.5446163880149817
-4 6.9 -6.300000000000001 0.307177948351002 -0.25656340004316647 1.5446163880149817
-1.6 5.5 -4.9 -0.04537856055185257 0.06632251157578452 1.9844393595175527
-1.6 5.5 -4.9 -0.04537856055185257 0.06632251157578452 1.9844393595175527
2.7 4.7 -2.6 -0.04537856055185257 0.06632251157578452 1.9844393595175527
2.7 4.7 -2.6 0.27401669256310973 -0.34732052114687156 2.1519909677090086
2.7 4.7 -2.6 0.27401669256310973 -0.34732052114687156 2.1519909677090086
3.7 3.6 -2.7 1.1641346110802178 -0.8866272600131194 1.9477874452256718
3.7 3.6 -2.7 1.614429558094755 -0.9686577348568529 1.9233528356977512
3 1.7000000000000002 -5.9 1.614429558094755 -0.9686577348568529 1.9233528356977512
2.3000000000000003 0.9 -9.4 1.9303341527057285 -1.0314895879286488 2.6598817800393584
2.3000000000000003 0.9 -9.4 1.9303341527057285 -1.0314895879286488 2.6598817800393584
2.3000000000000003 0.9 -9.4 1.9303341527057285 -1.0314895879286488 2.6598817800393584
2.3000000000000003 0.9 -9.4 1.2531464029319286 -0.09599310885968813 3.6459928074161545
8.3 -1.8 -10.600000000000001 1.2531464029319286 -0.09599310885968813 3.6459928074161545
14.700000000000001 -1.9000000000000001 -6.7 0.6457718232379019 0.3909537524467298 3.940953451003196
14.700000000000001 -1.9000000000000001 -6.7 0.6457718232379019 0.3909537524467298 3.940953451003196
17 0.1 -7.6000000000000005 0.9791297103688189 -0.10471975511965978 3.3911747366249823
17 0.1 -7.6000000000000005 0.9791297103688189 -0.10471975511965978 3.3911747366249823
15.5 3.5 -12.3 0.9791297103688189 -0.10471975511965978 3.3911747366249823
15.100000000000001 6.1000000000000005 -13.700000000000001 0.778416846389471 -0.3717551306747922 2.630211182755455
15.100000000000001 6.1000000000000005 -13.700000000000001 0.778416846389471 -0.3717551306747922 2.630211182755455
15.100000000000001 6.1000000000000005 -13.700000000000001 -0.3665191429188092 0.41538836197465046 1.8256143975860688
15.100000000000001 6.1000000000000005 -13.700000000000001 -1.488765851951163 1.593485607070823 0.7539822368615504
15.9 5.800000000000001 -10.100000000000001 -1.488765851951163 1.593485607070823 0.7539822368615504
12.9 4.2 -5.5 -1.5481070465189704 1.2199851471440364 -0.6178465552059926
12.9 4.2 -5.5 -1.5481070465189704 1.2199851471440364 -0.6178465552059926
5.7 3.7 -4.5 -0.8796459430051421 0.5288347633542818 -1.3753194505715318
5.7 3.7 -4.5 -0.8796459430051421 0.5288347633542818 -1.3753194505715318
1.5 4.1000000000000005 -5.4 -0.8796459430051421 0.5288347633542818 -1.3753194505715318
1.2000000000000002 4.4 -5.800000000000001 -0.35779249665883756 0.30194196059501904 -1.1850785621041497
1.2000000000000002 4.4 -5.800000000000001 -0.35779249665883756 0.30194196059501904 -1.1850785621041497
1.2000000000000002 4.4 -5.800000000000001 -0.05061454830783556 0.5375614096142535 -0.7574728953655391
1.2000000000000002 4.4 -5.800000000000001 0.3700098014227979 0.3246312408709453 -0.5270894341022876
2.3000000000000003 4.9 -5.7 0.3700098014227979 0.3246312408709453 -0.5270894341022876
