2.1 8.4 3.2 1.0314895879286488 -0.5759586531581288 -0.06981317007977318
0.9 8.700000000000001 1.3 1.1257373675363427 -0.6963863715457375 -0.06806784082777885
1.7000000000000002 8.3 1.3 0.9861110273767962 -0.7365289443416071 0.08726646259971647
1.7000000000000002 8.3 1.3 0.9861110273767962 -0.7365289443416071 0.08726646259971647
1.8 8.3 0.7000000000000001 0.9005898940290741 -0.6963863715457375 0.06806784082777885
1.8 8.3 0.7000000000000001 0.9005898940290741 -0.6963863715457375 0.06806784082777885
2.1 8.5 0.4 0.9005898940290741 -0.6963863715457375 0.06806784082777885
2.1 8.5 0.4 0.7347836150896128 -0.5410520681182421 0.019198621771937624
2.1 8.5 0.4 0.7347836150896128 -0.5410520681182421 0.019198621771937624
2.4000000000000004 8.6 0.5 0.5550147021341968 -0.3961897402027128 -0.05061454830783556
2.4000000000000004 8.6 0.5 0.4468042885105484 -0.27052603405912107 -0.11344640137963143
2.1 8.700000000000001 0.5 0.4468042885105484 -0.27052603405912107 -0.11344640137963143
1.9000000000000001 8.9 0.2 0.3647738136668149 -0.22165681500327986 -0.11868238913561441
1.9000000000000001 8.9 0.2 0.3647738136668149 -0.22165681500327986 -0.11868238913561441
2.3000000000000003 9 0.4 0.26878070480712674 -0.19896753472735357 -0.10297442586766545
2.3000000000000003 9 0.4 0.26878070480712674 -0.19896753472735357 -0.10297442586766545
2.6 9.1 0.4 0.26878070480712674 -0.19896753472735357 -0.10297442586766545
2.6 9.1 0.4 0.2426007660272118 -0.1884955592153876 -0.17453292519943295
2.6 9.1 0.4 0.2426007660272118 -0.1884955592153876 -0.17453292519943295
2.3000000000000003 9.3 0.30000000000000004 0.21991148575128552 -0.2635447170511438 -0.2635447170511438
2.3000000000000003 9.3 0.30000000000000004 0.1884955592153876 -0.3612831551628262 -0.27576202181510406
1.9000000000000001 9.5 0.2 0.1884955592153876 -0.3612831551628262 -0.27576202181510406
1.8 9.600000000000001 0.30000000000000004 0.16406094968746698 -0.3717551306747922 -0.2059488517353309
1.8 9.600000000000001 0.30000000000000004 0.16406094968746698 -0.3717551306747922 -0.2059488517353309
1.9000000000000001 9.600000000000001 0.1 0.14311699866353503 -0.26878070480712674 -0.12740903539558607
1.9000000000000001 9.600000000000001 0.1 0.14311699866353503 -0.26878070480712674 -0.12740903539558607
1.8 9.5 0.1 0.14311699866353503 -0.26878070480712674 -0.12740903539558607
1.8 9.5 0.1 0.061086523819801536 -0.13788101090755203 -0.05235987755982989
1.8 9.5 0.1 0.061086523819801536 -0.13788101090755203 -0.05235987755982989
2.2 9.5 0.4 -0.013962634015954637 0.003490658503988659 0.012217304763960306
2.2 9.5 0.4 -0.03665191429188092 0.04363323129985824 0.008726646259971648
2.5 9.4 0.6000000000000001 -0.03665191429188092 0.04363323129985824 0.008726646259971648
2.4000000000000004 9.4 0.9 -0.017453292519943295 -0.012217304763960306 -0.010471975511965978
2.4000000000000004 9.4 0.9 -0.017453292519943295 -0.012217304763960306 -0.010471975511965978
2.4000000000000004 9.4 1 0.03839724354387525 -0.04188790204786391 -0.020943951023931956
2.4000000000000004 9.4 1 0.03839724354387525 -0.04188790204786391 -0.020943951023931956
2.4000000000000004 9.4 1 0.03839724354387525 -0.04188790204786391 -0.020943951023931956
2.3000000000000003 9.5 1 0.11868238913561441 -0.0767944870877505 -0.026179938779914945
2.3000000000000003 9.5 1 0.11868238913561441 -0.0767944870877505 -0.026179938779914945
2.2 9.5 1 0.1954768762233649 -0.12042771838760874 -0.029670597283903602
2.2 9.5 1 0.1954768762233649 -0.12042771838760874 -0.029670597283903602
2.1 9.5 1.1 0.1954768762233649 -0.12042771838760874 -0.029670597283903602
2.3000000000000003 9.600000000000001 1.2000000000000002 0.2635447170511438 -0.1518436449235067 -0.010471975511965978
2.3000000000000003 9.600000000000001 1.2000000000000002 0.2635447170511438 -0.1518436449235067 -0.010471975511965978
2.3000000000000003 9.600000000000001 1.2000000000000002 0.3508111796508602 -0.22165681500327986 0.05235987755982989
2.3000000000000003 9.600000000000001 1.2000000000000002 0.46949356878647464 -0.32288591161895097 0.07853981633974483
2.6 9.600000000000001 1.1 0.46949356878647464 -0.32288591161895097 0.07853981633974483
2.7 9.600000000000001 0.8 0.5619960191421741 -0.4241150082346221 0.061086523819801536
2.7 9.600000000000001 0.8 0.5619960191421741 -0.4241150082346221 0.061086523819801536
2.8000000000000003 9.700000000000001 0.6000000000000001 0.6928957130417488 -0.4782202150464463 -0.012217304763960306
2.8000000000000003 9.700000000000001 0.6000000000000001 0.6928957130417488 -0.4782202150464463 -0.012217304763960306
2.7 9.700000000000001 0.5 0.6928957130417488 -0.4782202150464463 -0.012217304763960306
2.7 9.700000000000001 0.5 0.6928957130417488 -0.4782202150464463 -0.012217304763960306
2.7 9.700000000000001 0.30000000000000004 0.7679448708775051 -0.5026548245743669 -0.020943951023931956
2.7 9.700000000000001 0.30000000000000004 0.8203047484373349 -0.5375614096142535 0.006981317007977318
3.1 9.5 0 0.8203047484373349 -0.5375614096142535 0.006981317007977318
3.8000000000000003 9.5 -0.30000000000000004 0.8587019919812101 -0.6318091892219473 -0.06981317007977318
3.8000000000000003 9.5 -0.30000000000000004 0.8587019919812101 -0.6318091892219473 -0.06981317007977318
3.5 9.5 -0.7000000000000001 0.8744099552491591 -0.7679448708775051 -0.20420352248333656
3.5 9.5 -0.7000000000000001 0.8744099552491591 -0.7679448708775051 -0.20420352248333656
3.1 9.4 -0.7000000000000001 0.8744099552491591 -0.7679448708775051 -0.20420352248333656
3.1 9.4 -0.7000000000000001 0.8656833089891874 -0.7993607974134029 -0.22514747350726852
3.1 9.4 -0.7000000000000001 0.8656833089891874 -0.7993607974134029 -0.22514747350726852
3.2 9.200000000000001 -0.5 0.9110618695410401 -0.7400196028455958 -0.19373154697137057
3.2 9.200000000000001 -0.5 0.9843656981248019 -0.8237954069413236 -0.20943951023931956
3.3000000000000003 9 -0.30000000000000004 0.9843656981248019 -0.8237954069413236 -0.20943951023931956
2.9000000000000004 8.9 0 1.1746065865921838 -1.1100294042683936 -0.21642082724729686
2.9000000000000004 8.9 0 1.1746065865921838 -1.1100294042683936 -0.21642082724729686
3 9 -0.4 1.4713125594312197 -1.2828170002158323 -0.19024088846738194
3 9 -0.4 1.4713125594312197 -1.2828170002158323 -0.19024088846738194
3 8.9 -1.4000000000000001 1.4713125594312197 -1.2828170002158323 -0.19024088846738194
3 8.9 -1.4000000000000001 1.7715091907742446 -1.3700834628155487 -0.16057029118347832
3 8.9 -1.4000000000000001 1.7715091907742446 -1.3700834628155487 -0.16057029118347832
3 8.700000000000001 -3 1.9669860669976094 -1.5690509975429023 -0.16580627893946132
3 8.700000000000001 -3 1.9547687622336491 -1.6982053621904827 -0.21467549799530253
2.6 8.6 -3.6 1.9547687622336491 -1.6982053621904827 -0.21467549799530253
2.2 8.6 -3.6 1.911135530933791 -1.642354826126664 -0.26878070480712674
2.2 8.6 -3.6 1.911135530933791 -1.642354826126664 -0.26878070480712674
1.2000000000000002 8.6 -4 1.9687313962496038 -1.583013631558857 -0.24434609527920614
1.2000000000000002 8.6 -4 1.9687313962496038 -1.583013631558857 -0.24434609527920614
1.6 8.200000000000001 -4.9 1.9687313962496038 -1.583013631558857 -0.24434609527920614
1.6 8.200000000000001 -4.9 1.99142067652553 -1.6388641676226754 -0.17453292519943295
1.6 8.200000000000001 -4.9 1.99142067652553 -1.6388641676226754 -0.17453292519943295
1.8 7.9 -5.7 1.8430676901060121 -1.6720254234105678 -0.2775073510670984
1.8 7.9 -5.7 1.5638150097869192 -1.4468779499032993 -0.40317105721069013
0.7000000000000001 7.6000000000000005 -5.6000000000000005 1.5638150097869192 -1.4468779499032993 -0.40317105721069013
-0.4 7.5 -4.7 1.4905111812031575 -1.2060225131280817 -0.34732052114687156
-0.4 7.5 -4.7 1.4905111812031575 -1.2060225131280817 -0.34732052114687156
-0.1 7.1000000000000005 -5.1000000000000005 1.6824973989225338 -1.2688543661998777 -0.2827433388230814
-0.1 7.1000000000000005 -5.1000000000000005 1.6824973989225338 -1.2688543661998777 -0.2827433388230814
0.1 6.800000000000001 -6.7 1.6824973989225338 -1.2688543661998777 -0.2827433388230814
0.1 6.800000000000001 -6.7 1.8151424220741028 -1.3753194505715318 -0.3822271061867582
0.1 6.800000000000001 -6.7 1.8151424220741028 -1.3753194505715318 -0.3822271061867582
-0.5 6.5 -8.200000000000001 1.6196655458507379 -1.2880529879718152 -0.5393067388662478
-0.5 6.5 -8.200000000000001 1.6196655458507379 -1.2880529879718152 -0.5393067388662478
-1.4000000000000001 6.6000000000000005 -7.9 1.6196655458507379 -1.2880529879718152 -0.5393067388662478
-1.9000000000000001 6.5 -6.7 0.9651670763528643 -0.8272860654453122 -0.4363323129985824
-1.9000000000000001 6.5 -6.7 0.9651670763528643 -0.8272860654453122 -0.4363323129985824
-1.6 6.5 -6.7 0.8936085770210968 -1.0157816246606999 -0.29146998508305305
-1.6 6.5 -6.7 0.8936085770210968 -1.0157816246606999 -0.29146998508305305
-1.4000000000000001 6.5 -6.9 0.8936085770210968 -1.0157816246606999 -0.29146998508305305
-1.4000000000000001 6.5 -6.9 0.7801621756414653 -1.0471975511965979 -0.2635447170511438
-1.4000000000000001 6.5 -6.9 0.7801621756414653 -1.0471975511965979 -0.2635447170511438
-2 6.800000000000001 -6.800000000000001 0.5742133239061344 -1.0157816246606999 -0.27052603405912107
-2 6.800000000000001 -6.800000000000001 0.5742133239061344 -1.0157816246606999 -0.27052603405912107
-2.2 7.1000000000000005 -5.6000000000000005 0.5742133239061344 -1.0157816246606999 -0.27052603405912107
-1.9000000000000001 7.300000000000001 -4.5 0.3595378259108319 -0.9372418083209549 -0.1954768762233649
-1.9000000000000001 7.300000000000001 -4.5 0.3595378259108319 -0.9372418083209549 -0.1954768762233649
-1.9000000000000001 7.300000000000001 -4.5 0.38397243543875254 -0.8918632477691024 -0.10995574287564276
-1.9000000000000001 7.300000000000001 -4.5 0.5829399701661061 -0.8621926504851988 -0.17627825445142728
-1.2000000000000002 7.300000000000001 -4.800000000000001 0.5829399701661061 -0.8621926504851988 -0.17627825445142728
-2.1 7 -5.9 0.6911503837897545 -0.7923794804054256 -0.3700098014227979
-2.1 7 -5.9 0.6911503837897545 -0.7923794804054256 -0.3700098014227979
-3.4000000000000004 6.5 -7 0.5637413483941685 -0.640535835481919 -0.41538836197465046
-3.4000000000000004 6.5 -7 0.5637413483941685 -0.640535835481919 -0.41538836197465046
-4 6.300000000000001 -7.1000000000000005 0.5637413483941685 -0.640535835481919 -0.41538836197465046
-3.4000000000000004 5.7 -6.1000000000000005 0.2530727415391778 -0.3490658503988659 -0.3246312408709453
-3.4000000000000004 5.7 -6.1000000000000005 0.2530727415391778 -0.3490658503988659 -0.3246312408709453
-3.4000000000000004 5.7 -6.1000000000000005 0.1954768762233649 -0.07853981633974483 -0.25481807079117214
-3.4000000000000004 5.7 -6.1000000000000005 0.45204027626653137 -0.2111848394913139 -0.3246312408709453
-3.8000000000000003 5.1000000000000005 -6.7 0.45204027626653137 -0.2111848394913139 -0.3246312408709453
-4.7 5 -8.8 0.49218284906240095 -0.3961897402027128 -0.31590459461097364
-4.7 5 -8.8 0.49218284906240095 -0.3961897402027128 -0.31590459461097364
-5 5 -10 0.1361356816555577 -0.4590215932745087 -0.20420352248333656
-5 5 -10 0.1361356816555577 -0.4590215932745087 -0.20420352248333656
-4.9 4.9 -8.9 0.1361356816555577 -0.4590215932745087 -0.20420352248333656
-5.1000000000000005 4.800000000000001 -7.4 -0.32114058236695664 -0.25481807079117214 -0.14486232791552936
-5.1000000000000005 4.800000000000001 -7.4 -0.32114058236695664 -0.25481807079117214 -0.14486232791552936
-5.1000000000000005 4.800000000000001 -7.4 -0.4782202150464463 -0.20769418098732523 -0.12042771838760874
-5.1000000000000005 4.800000000000001 -7.4 -0.38746309394274114 -0.32637657012293964 -0.07330382858376185
-5.1000000000000005 4.800000000000001 -6.7 -0.38746309394274114 -0.32637657012293964 -0.07330382858376185
-5.5 5.2 -6.6000000000000005 -0.2984513020910304 -0.3368485456349056 -0.024434609527920613
-5.5 5.2 -6.6000000000000005 -0.2984513020910304 -0.3368485456349056 -0.024434609527920613
-5.1000000000000005 5.300000000000001 -5.9 -0.27576202181510406 -0.2181661564992912 0.03839724354387525
-5.1000000000000005 5.300000000000001 -5.9 -0.27576202181510406 -0.2181661564992912 0.03839724354387525
-5.1000000000000005 5.2 -5.5 -0.27576202181510406 -0.2181661564992912 0.03839724354387525
-5.1000000000000005 5.2 -5.5 -0.24434609527920614 -0.07330382858376185 -0.005235987755982989
-5.1000000000000005 5.2 -5.5 -0.24434609527920614 -0.07330382858376185 -0.005235987755982989
-5.7 5.9 -5.300000000000001 -0.1832595714594046 0.054105206811824215 -0.059341194567807204
-5.7 5.9 -5.300000000000001 -0.1413716694115407 0.2234021442552742 -0.03490658503988659
-5.7 6.6000000000000005 -5.4 -0.1413716694115407 0.2234021442552742 -0.03490658503988659
-5.5 6.9 -6.1000000000000005 -0.2007128639793479 0.37873644768276954 -0.10471975511965978
-5.5 6.9 -6.1000000000000005 -0.2007128639793479 0.37873644768276954 -0.10471975511965978
-5.800000000000001 6.7 -6.2 -0.4171336912266448 0.6702064327658226 -0.312413936106985
-5.800000000000001 6.7 -6.2 -0.4171336912266448 0.6702064327658226 -0.312413936106985
-6.6000000000000005 6.1000000000000005 -6.1000000000000005 -0.4171336912266448 0.6702064327658226 -0.312413936106985
-6.6000000000000005 6.1000000000000005 -6.1000000000000005 -0.5846852994181004 0.7155849933176751 -0.6073745796940268
-6.6000000000000005 6.1000000000000005 -6.1000000000000005 -0.5846852994181004 0.7155849933176751 -0.6073745796940268
-8.8 5.7 -6.1000000000000005 -0.6894050545377602 0.8203047484373349 -0.932005820564972
-8.8 5.7 -6.1000000000000005 -0.6754424205218056 0.9023352232810684 -0.9808750396208132
-12.600000000000001 5.6000000000000005 -5.6000000000000005 -0.6754424205218056 0.9023352232810684 -0.9808750396208132
-13.5 5.5 -5.2 -0.4590215932745087 0.8220500776893293 -0.6108652381980153
-13.5 5.5 -5.2 -0.4590215932745087 0.8220500776893293 -0.6108652381980153
-12.100000000000001 5.2 -5.9 -0.20943951023931956 0.7138396640656808 -0.32114058236695664
-12.100000000000001 5.2 -5.9 -0.20943951023931956 0.7138396640656808 -0.32114058236695664
-11.4 5.300000000000001 -8.6 -0.20943951023931956 0.7138396640656808 -0.32114058236695664
-11.4 5.300000000000001 -8.6 -0.1466076571675237 0.6789330790257943 -0.2111848394913139
-11.4 5.300000000000001 -8.6 -0.1466076571675237 0.6789330790257943 -0.2111848394913139
-12.700000000000001 6 -9.200000000000001 -0.5689773361501514 0.8011061266653973 0
-12.700000000000001 6 -9.200000000000001 -0.9267698328089891 0.7941248096574199 0.39968039870670147
-12.200000000000001 6 -7 -0.9267698328089891 0.7941248096574199 0.39968039870670147
-11.8 5.800000000000001 -5.1000000000000005 -0.8011061266653973 0.6527531402458793 0.9285151620609834
-11.8 5.800000000000001 -5.1000000000000005 -0.8011061266653973 0.6527531402458793 0.9285151620609834
-11.8 5.800000000000001 -5.1000000000000005 -0.5951572749300664 0.5183627878423159 1.270599695451872
-11.8 5.800000000000001 -5.1000000000000005 -0.32637657012293964 0.4468042885105484 1.5899949485668343
-3.9000000000000004 5.7 -7.5 -0.32637657012293964 0.4468042885105484 1.5899949485668343
-3.9000000000000004 5.7 -7.5 -0.21467549799530253 0.5393067388662478 1.710422666954443
-3.9000000000000004 5.7 -7.5 -0.21467549799530253 0.5393067388662478 1.710422666954443
-4.6000000000000005 5 -8.700000000000001 -0.4310963252425994 0.10297442586766545 1.9058995431778079
-4.6000000000000005 5 -8.700000000000001 -0.4310963252425994 0.10297442586766545 1.9058995431778079
-4.1000000000000005 3.7 -6.2 -0.4310963252425994 0.10297442586766545 1.9058995431778079
2.4000000000000004 2.2 -6.1000000000000005 -0.5986479334340551 -0.022689280275926284 2.5708699881876473
2.4000000000000004 2.2 -6.1000000000000005 -0.5986479334340551 -0.022689280275926284 2.5708699881876473
2.4000000000000004 2.2 -6.1000000000000005 -0.37350045992678654 0.04014257279586958 3.207915165165578
2.4000000000000004 2.2 -6.1000000000000005 -0.3595378259108319 0.21642082724729686 3.4191000046568916
7.800000000000001 1.7000000000000002 -8 -0.3595378259108319 0.21642082724729686 3.4191000046568916
11.100000000000001 0.9 -6.2 -0.6475171524898963 0.8360127117052839 3.244567079457459
11.100000000000001 0.9 -6.2 -0.6475171524898963 0.8360127117052839 3.244567079457459
8.8 1.3 -2.6 -0.40491638646268446 0.5113814708343386 3.691371367968007
8.8 1.3 -2.6 -0.40491638646268446 0.5113814708343386 3.691371367968007
10.100000000000001 0.7000000000000001 -4.2 -0.40491638646268446 0.5113814708343386 3.691371367968007
21.400000000000002 -2.3000000000000003 -8.5 0.18500490071139894 -0.5515240436302081 4.865977954560191
21.400000000000002 -2.3000000000000003 -8.5 0.18500490071139894 -0.5515240436302081 4.865977954560191
