1.6 6.4 7.2 0.1832595714594046 0.07504915783575618 -0.0767944870877505
1.6 6.4 7.2 0.1832595714594046 0.07504915783575618 -0.0767944870877505
0.5 7.1000000000000005 6.1000000000000005 0.16929693744344998 -0.017453292519943295 -0.029670597283903602
1.5 6.5 6.4 -0.027925268031909273 -0.10471975511965978 0.16406094968746698
1.5 6.5 6.4 -0.027925268031909273 -0.10471975511965978 0.16406094968746698
1.6 7.1000000000000005 7.1000000000000005 -0.03490658503988659 0.006981317007977318 0.16057029118347832
1.6 7.1000000000000005 7.1000000000000005 -0.03490658503988659 0.006981317007977318 0.16057029118347832
2 7 7.1000000000000005 -0.03490658503988659 0.006981317007977318 0.16057029118347832
1.9000000000000001 6.800000000000001 6.800000000000001 0.008726646259971648 0.029670597283903602 0.11519173063162576
1.9000000000000001 6.800000000000001 6.800000000000001 0.008726646259971648 0.029670597283903602 0.11519173063162576
1.9000000000000001 6.800000000000001 6.800000000000001 0.027925268031909273 0.031415926535897934 0.024434609527920613
1.9000000000000001 6.800000000000001 6.800000000000001 -0.005235987755982989 -0.04363323129985824 -0.024434609527920613
1.6 6.800000000000001 6.6000000000000005 -0.005235987755982989 -0.04363323129985824 -0.024434609527920613
1.6 6.800000000000001 6.800000000000001 -0.03839724354387525 -0.04188790204786391 -0.04014257279586958
1.6 6.800000000000001 6.800000000000001 -0.03839724354387525 -0.04188790204786391 -0.04014257279586958
1.7000000000000002 6.9 7 -0.027925268031909273 0.0017453292519943296 -0.0471238898038469
1.7000000000000002 6.9 7 -0.027925268031909273 0.0017453292519943296 -0.0471238898038469
1.8 6.800000000000001 7.1000000000000005 -0.027925268031909273 0.0017453292519943296 -0.0471238898038469
1.8 6.800000000000001 7.1000000000000005 0.006981317007977318 0.013962634015954637 -0.059341194567807204
1.8 6.800000000000001 7.1000000000000005 0.006981317007977318 0.013962634015954637 -0.059341194567807204
1.6 6.7 6.800000000000001 0.04363323129985824 -0.006981317007977318 -0.09948376736367678
1.6 6.7 6.800000000000001 0.03316125578789226 -0.013962634015954637 -0.09599310885968813
1.4000000000000001 6.800000000000001 6.7 0.03316125578789226 -0.013962634015954637 -0.09599310885968813
1.3 6.9 7 0.029670597283903602 -0.013962634015954637 -0.0645771823237902
1.3 6.9 7 0.029670597283903602 -0.013962634015954637 -0.0645771823237902
1.4000000000000001 6.800000000000001 6.800000000000001 0.0645771823237902 -0.006981317007977318 -0.024434609527920613
1.4000000000000001 6.800000000000001 6.800000000000001 0.0645771823237902 -0.006981317007977318 -0.024434609527920613
1.3 6.9 6.7 0.0645771823237902 -0.006981317007977318 -0.024434609527920613
1.3 6.9 6.7 0.06632251157578452 0.024434609527920613 0.022689280275926284
1.3 6.9 6.7 0.06632251157578452 0.024434609527920613 0.022689280275926284
1.6 6.9 6.6000000000000005 0.054105206811824215 -0.006981317007977318 0.059341194567807204
1.6 6.9 6.6000000000000005 0.015707963267948967 -0.003490658503988659 0.048869219055841226
1.7000000000000002 6.800000000000001 6.6000000000000005 0.015707963267948967 -0.003490658503988659 0.048869219055841226
1.8 6.9 6.800000000000001 0.015707963267948967 -0.003490658503988659 0.048869219055841226
1.8 6.9 6.800000000000001 0.015707963267948967 -0.003490658503988659 0.048869219055841226
1.6 6.9 6.800000000000001 0.006981317007977318 -0.013962634015954637 0.010471975511965978
1.6 6.9 6.800000000000001 0.006981317007977318 -0.013962634015954637 0.010471975511965978
1.5 6.9 6.6000000000000005 0.006981317007977318 -0.013962634015954637 0.010471975511965978
1.5 6.9 6.6000000000000005 0.008726646259971648 -0.013962634015954637 0.006981317007977318
1.5 6.9 6.6000000000000005 0.008726646259971648 -0.013962634015954637 0.006981317007977318
1.5 6.9 6.7 -0.019198621771937624 0.029670597283903602 0.026179938779914945
1.5 6.9 6.7 -0.020943951023931956 0.010471975511965978 0.0471238898038469
1.4000000000000001 6.9 6.7 -0.020943951023931956 0.010471975511965978 0.0471238898038469
1.6 6.9 6.9 -0.010471975511965978 -0.005235987755982989 0.059341194567807204
1.6 6.9 6.9 -0.010471975511965978 -0.005235987755982989 0.059341194567807204
1.7000000000000002 6.800000000000001 6.9 0.005235987755982989 -0.024434609527920613 0.031415926535897934
1.7000000000000002 6.800000000000001 6.9 0.005235987755982989 -0.024434609527920613 0.031415926535897934
1.7000000000000002 6.800000000000001 6.9 0.005235987755982989 -0.024434609527920613 0.031415926535897934
1.6 6.800000000000001 6.800000000000001 0.008726646259971648 -0.04537856055185257 -0.006981317007977318
1.6 6.800000000000001 6.800000000000001 0.008726646259971648 -0.04537856055185257 -0.006981317007977318
1.4000000000000001 6.9 6.9 -0.010471975511965978 -0.05235987755982989 -0.024434609527920613
1.4000000000000001 6.9 6.9 -0.003490658503988659 -0.12042771838760874 -0.015707963267948967
1 6.9 7 -0.003490658503988659 -0.12042771838760874 -0.015707963267948967
1 6.800000000000001 7.2 0.06632251157578452 -0.22689280275926285 0.07330382858376185
1 6.800000000000001 7.2 0.06632251157578452 -0.22689280275926285 0.07330382858376185
1 6.800000000000001 7.2 0.10646508437165411 -0.28623399732707006 0.12217304763960307
1 6.800000000000001 7.2 0.1291543646475804 -0.34732052114687156 0.153588974175501
1.6 6.7 7.300000000000001 0.1291543646475804 -0.34732052114687156 0.153588974175501
2.2 6.800000000000001 7.7 0.17627825445142728 -0.42935099599060506 0.1413716694115407
2.2 6.800000000000001 7.7 0.17627825445142728 -0.42935099599060506 0.1413716694115407
1.9000000000000001 7 7.9 0.33859387488689996 -0.4433136300065597 0.07155849933176751
1.9000000000000001 7 7.9 0.33859387488689996 -0.4433136300065597 0.07155849933176751
1.9000000000000001 7.1000000000000005 7.6000000000000005 0.33859387488689996 -0.4433136300065597 0.07155849933176751
1.9000000000000001 7.1000000000000005 7.6000000000000005 0.5166174585903216 -0.6161012259539983 0.08726646259971647
1.9000000000000001 7.1000000000000005 7.6000000000000005 0.5166174585903216 -0.6161012259539983 0.08726646259971647
2.2 7.300000000000001 8.3 0.6492624817418906 -0.9669124056048586 0.13089969389957473
2.2 7.300000000000001 8.3 0.9512044423369096 -1.5289084247470328 0.2007128639793479
3.3000000000000003 7.7 8.3 0.9512044423369096 -1.5289084247470328 0.2007128639793479
3.8000000000000003 7.9 7.5 1.1362093430483087 -1.4625859131712482 0.06981317007977318
3.8000000000000003 7.9 7.5 1.1362093430483087 -1.4625859131712482 0.06981317007977318
3.2 8.200000000000001 6.800000000000001 1.1571532940722404 -1.064650843716541 -0.05759586531581288
3.2 8.200000000000001 6.800000000000001 1.1571532940722404 -1.064650843716541 -0.05759586531581288
3.1 8.5 6.6000000000000005 1.1571532940722404 -1.064650843716541 -0.05759586531581288
3.1 8.700000000000001 6.6000000000000005 1.137954672300303 -0.8307767239493009 -0.09250245035569947
3.1 8.700000000000001 6.6000000000000005 1.137954672300303 -0.8307767239493009 -0.09250245035569947
3.1 8.700000000000001 6.6000000000000005 1.1780972450961724 -0.8098327729253689 -0.1291543646475804
3.1 8.700000000000001 6.6000000000000005 1.3473941825396225 -1.0995574287564276 -0.20769418098732523
3.1 8.6 6.6000000000000005 1.3473941825396225 -1.0995574287564276 -0.20769418098732523
2.9000000000000004 8.6 6.4 1.6109388995907663 -1.6022122533307945 -0.2984513020910304
2.9000000000000004 8.6 6.4 1.6109388995907663 -1.6022122533307945 -0.2984513020910304
2.4000000000000004 8.5 5.6000000000000005 1.9146261894377796 -1.8675022996339328 -0.35779249665883756
2.4000000000000004 8.5 5.6000000000000005 1.9146261894377796 -1.8675022996339328 -0.35779249665883756
2.6 8.4 4.1000000000000005 1.9146261894377796 -1.8675022996339328 -0.35779249665883756
2.6 8.4 4.1000000000000005 2.069960492865275 -1.890191579909859 -0.33859387488689996
2.6 8.4 4.1000000000000005 2.069960492865275 -1.890191579909859 -0.33859387488689996
2.9000000000000004 8.4 3.6 2.05599785884932 -1.9669860669976094 -0.3403392041388943
2.9000000000000004 8.4 3.6 2.158972284716986 -2.157226955464991 -0.39793506945470714
2.6 8.4 3.3000000000000003 2.158972284716986 -2.157226955464991 -0.39793506945470714
2.4000000000000004 8.1 3.3000000000000003 2.3369958684204075 -2.340486526924396 -0.4014257279586958
2.4000000000000004 8.1 3.3000000000000003 2.3369958684204075 -2.340486526924396 -0.4014257279586958
2.3000000000000003 7.9 2.6 2.62846585350346 -2.5918139392115793 -0.38397243543875254
2.3000000000000003 7.9 2.6 2.62846585350346 -2.5918139392115793 -0.38397243543875254
2.3000000000000003 7.7 0.9 2.62846585350346 -2.5918139392115793 -0.38397243543875254
2.3000000000000003 7.7 0.9 2.858849314766712 -2.8867745827986213 -0.35779249665883756
2.3000000000000003 7.7 0.9 2.858849314766712 -2.8867745827986213 -0.35779249665883756
2.8000000000000003 7.7 -0.7000000000000001 2.855358656262723 -2.9304078140984795 -0.35779249665883756
2.8000000000000003 7.7 -0.7000000000000001 2.611012560983517 -2.7139869868511823 -0.42062434973063345
3 7.6000000000000005 -1.6 2.611012560983517 -2.7139869868511823 -0.42062434973063345
3 7.6000000000000005 -0.8 2.4155356847601523 -2.663372438543347 -0.47123889803846897
3 7.6000000000000005 -0.8 2.4155356847601523 -2.663372438543347 -0.47123889803846897
2.5 7.7 -1.9000000000000001 2.4818581963359367 -2.679080401811296 -0.47123889803846897
2.5 7.7 -1.9000000000000001 2.4818581963359367 -2.679080401811296 -0.47123889803846897
2.1 7.7 -4.4 2.4818581963359367 -2.679080401811296 -0.47123889803846897
2.1 7.7 -4.4 2.254965393576674 -2.0402898955813713 -0.3909537524467298
2.1 7.7 -4.4 2.254965393576674 -2.0402898955813713 -0.3909537524467298
2 7.7 -5.800000000000001 1.6283921921107094 -1.096066770252439 -0.23911010752322315
2 7.7 -5.800000000000001 0.9756390518648302 -0.6108652381980153 -0.12740903539558607
2.7 7.7 -4.5 0.9756390518648302 -0.6108652381980153 -0.12740903539558607
3.1 7.7 -3.2 0.7557275661135447 -0.6527531402458793 -0.158824961931484
3.1 7.7 -3.2 0.7557275661135447 -0.6527531402458793 -0.158824961931484
2.6 7.800000000000001 -3.3000000000000003 0.7714355293814937 -0.7382742735936014 -0.22165681500327986
2.6 7.800000000000001 -3.3000000000000003 0.7714355293814937 -0.7382742735936014 -0.22165681500327986
1.9000000000000001 7.9 -4.4 0.7714355293814937 -0.7382742735936014 -0.22165681500327986
1.9000000000000001 7.9 -4.4 0.6946410422937431 -0.5427973973702365 -0.23736477827122882
1.9000000000000001 7.9 -4.4 0.6946410422937431 -0.5427973973702365 -0.23736477827122882
1.5 8 -4.3 0.4991641660703783 -0.2792526803190927 -0.16057029118347832
1.5 8 -4.3 0.3769911184307752 -0.24434609527920614 -0.06283185307179587
1.7000000000000002 8.1 -4.2 0.3769911184307752 -0.24434609527920614 -0.06283185307179587
2.1 8.1 -4.1000000000000005 0.3001966313430247 -0.16755160819145565 0.005235987755982989
2.1 8.1 -4.1000000000000005 0.3001966313430247 -0.16755160819145565 0.005235987755982989
2.1 8.1 -4.1000000000000005 0.3001966313430247 -0.16755160819145565 0.005235987755982989
2.1 8.1 -4.1000000000000005 0.30194196059501904 -0.2234021442552742 0.003490658503988659
2.5 8.3 -3.9000000000000004 0.30194196059501904 -0.2234021442552742 0.003490658503988659
2.5 8.4 -4 0.3595378259108319 -0.29146998508305305 -0.020943951023931956
2.5 8.4 -4 0.3595378259108319 -0.29146998508305305 -0.020943951023931956
2.6 8.5 -4.2 0.39444441095071847 -0.23212879051524585 0.024434609527920613
2.6 8.5 -4.2 0.39444441095071847 -0.23212879051524585 0.024434609527920613
3.2 8.4 -4.2 0.39444441095071847 -0.23212879051524585 0.024434609527920613
3.2 8.4 -4.2 0.4328416544945937 -0.23736477827122882 0.09075712110370514
3.2 8.4 -4.2 0.4328416544945937 -0.23736477827122882 0.09075712110370514
3.7 8.3 -4.2 0.5078908123303499 -0.3368485456349056 0.0767944870877505
3.7 8.3 -4.2 0.5427973973702365 -0.34732052114687156 0.029670597283903602
3.7 8.3 -4.6000000000000005 0.5427973973702365 -0.34732052114687156 0.029670597283903602
3.6 8.3 -4.4 0.5201081170943103 -0.24958208303518914 0.022689280275926284
3.6 8.3 -4.4 0.5201081170943103 -0.24958208303518914 0.022689280275926284
3.6 8.3 -4 0.5654866776461628 -0.24085543677521748 0.029670597283903602
3.6 8.3 -4 0.5654866776461628 -0.24085543677521748 0.029670597283903602
3.5 8.200000000000001 -4.1000000000000005 0.5654866776461628 -0.24085543677521748 0.029670597283903602
3.6 8 -4.4 0.6789330790257943 -0.2932153143350474 0.024434609527920613
3.6 8 -4.4 0.6789330790257943 -0.2932153143350474 0.024434609527920613
3.6 8 -4.4 0.7574728953655391 -0.30194196059501904 0.04188790204786391
3.6 8 -4.4 0.7906341511534313 -0.3141592653589793 0.008726646259971648
3.5 8 -4.6000000000000005 0.7906341511534313 -0.3141592653589793 0.008726646259971648
3.1 7.9 -4.9 0.7819075048934596 -0.2879793265790644 -0.03839724354387525
3.1 7.9 -4.9 0.7819075048934596 -0.2879793265790644 -0.03839724354387525
3 7.7 -5 0.7592182246175334 -0.26179938779914946 -0.07504915783575618
3 7.7 -5 0.7592182246175334 -0.26179938779914946 -0.07504915783575618
2.1 7.6000000000000005 -5.2 0.7592182246175334 -0.26179938779914946 -0.07504915783575618
1.8 7.800000000000001 -5.300000000000001 0.7609635538695277 -0.22689280275926285 -0.13089969389957473
1.8 7.800000000000001 -5.300000000000001 0.7609635538695277 -0.22689280275926285 -0.13089969389957473
1.8 7.800000000000001 -5.300000000000001 0.7801621756414653 -0.20245819323134223 -0.09773843811168245
1.8 7.800000000000001 -5.300000000000001 0.8045967851693859 -0.2583087292951608 -0.059341194567807204
1.2000000000000002 7.7 -5.5 0.8045967851693859 -0.2583087292951608 -0.059341194567807204
1.1 7.7 -5.1000000000000005 0.8272860654453122 -0.30543261909900765 0.04363323129985824
1.1 7.7 -5.1000000000000005 0.8272860654453122 -0.30543261909900765 0.04363323129985824
1.4000000000000001 7.4 -5.7 0.9372418083209549 -0.3001966313430247 0.11519173063162576
1.4000000000000001 7.4 -5.7 0.9372418083209549 -0.3001966313430247 0.11519173063162576
2 7.1000000000000005 -6.7 0.9372418083209549 -0.3001966313430247 0.11519173063162576
2 7.1000000000000005 -6.7 0.9354964790689606 -0.39968039870670147 0.13439035240356337
2 7.1000000000000005 -6.7 0.9354964790689606 -0.39968039870670147 0.13439035240356337
1.9000000000000001 6.9 -7 0.7382742735936014 -0.42062434973063345 0.019198621771937624
1.9000000000000001 6.9 -7 0.5148721293383273 -0.38571776469074687 -0.031415926535897934
1.1 6.9 -6.1000000000000005 0.5148721293383273 -0.38571776469074687 -0.031415926535897934
1 6.9 -5.5 0.5567600313861911 -0.37873644768276954 0
1 6.9 -5.5 0.5567600313861911 -0.37873644768276954 0
1.1 6.800000000000001 -6.4 0.7609635538695277 -0.6073745796940268 0.003490658503988659
1.1 6.800000000000001 -6.4 0.7609635538695277 -0.6073745796940268 0.003490658503988659
1.5 6.5 -7.9 0.7609635538695277 -0.6073745796940268 0.003490658503988659
1.5 6.5 -7.9 0.7714355293814937 -0.8883725892651138 -0.09773843811168245
1.5 6.5 -7.9 0.7714355293814937 -0.8883725892651138 -0.09773843811168245
1.1 6.300000000000001 -8.5 0.45553093477052004 -0.8970992355250854 -0.27401669256310973
1.1 6.300000000000001 -8.5 0.17976891295541594 -0.6876597252857659 -0.3647738136668149
0.2 6.5 -7 0.17976891295541594 -0.6876597252857659 -0.3647738136668149
-0.7000000000000001 6.800000000000001 -5.7 0.28099800957108706 -0.7470009198535731 -0.3246312408709453
-0.7000000000000001 6.800000000000001 -5.7 0.28099800957108706 -0.7470009198535731 -0.3246312408709453
-0.6000000000000001 6.7 -6.300000000000001 0.6038839211900381 -1.0367255756846319 -0.2234021442552742
-0.6000000000000001 6.7 -6.300000000000001 0.6038839211900381 -1.0367255756846319 -0.2234021442552742
-0.1 6.9 -8 0.6038839211900381 -1.0367255756846319 -0.2234021442552742
-0.1 6.9 -8 0.7417649320975901 -1.1484266478122689 -0.17453292519943295
-0.1 6.9 -8 0.7417649320975901 -1.1484266478122689 -0.17453292519943295
0.2 7.2 -8.6 0.5619960191421741 -1.0210176124166828 -0.153588974175501
0.2 7.2 -8.6 0.2949606435870417 -0.8674286382411818 -0.21293016874330822
0.9 7.2 -7.9 0.2949606435870417 -0.8674286382411818 -0.21293016874330822
0.6000000000000001 7 -6.800000000000001 0.158824961931484 -0.7801621756414653 -0.4485496177625427
0.6000000000000001 7 -6.800000000000001 0.158824961931484 -0.7801621756414653 -0.4485496177625427
-0.4 6.300000000000001 -6.800000000000001 0.12740903539558607 -0.778416846389471 -0.7016223593017205
-0.4 6.300000000000001 -6.800000000000001 0.12740903539558607 -0.778416846389471 -0.7016223593017205
-2 5.6000000000000005 -7 0.12740903539558607 -0.778416846389471 -0.7016223593017205
-2 5.6000000000000005 -7 -0.005235987755982989 -0.5951572749300664 -0.8290313946973066
-2 5.6000000000000005 -7 -0.005235987755982989 -0.5951572749300664 -0.8290313946973066
-3 5.300000000000001 -6.6000000000000005 -0.16057029118347832 -0.2670353755551324 -0.778416846389471
-3 5.300000000000001 -6.6000000000000005 -0.19373154697137057 -0.12042771838760874 -0.7068583470577035
-3.5 5.300000000000001 -5.9 -0.19373154697137057 -0.12042771838760874 -0.7068583470577035
-3.4000000000000004 5.5 -5.1000000000000005 -0.022689280275926284 -0.0890117918517108 -0.38397243543875254
-3.4000000000000004 5.5 -5.1000000000000005 -0.022689280275926284 -0.0890117918517108 -0.38397243543875254
-3.4000000000000004 5.5 -5.1000000000000005 -0.022689280275926284 -0.0890117918517108 -0.38397243543875254
-3.4000000000000004 5.5 -5.1000000000000005 0.2007128639793479 -0.3001966313430247 -0.11519173063162576
-3.1 6 -5.7 0.2007128639793479 -0.3001966313430247 -0.11519173063162576
-1.6 6.2 -6.1000000000000005 0.27576202181510406 -0.15707963267948966 0.10821041362364843
-1.6 6.2 -6.1000000000000005 0.27576202181510406 -0.15707963267948966 0.10821041362364843
-1 6.4 -6.800000000000001 0.4014257279586958 -0.015707963267948967 0.05235987755982989
-1 6.4 -6.800000000000001 0.4014257279586958 -0.015707963267948967 0.05235987755982989
-0.8 6.300000000000001 -7.9 0.4014257279586958 -0.015707963267948967 0.05235987755982989
-1 6 -9.3 0.4171336912266448 -0.04188790204786391 -0.03490658503988659
-1 6 -9.3 0.4171336912266448 -0.04188790204786391 -0.03490658503988659
-1 6 -9.3 0.25132741228718347 -0.11868238913561441 -0.1710422666954443
-1 6 -9.3 -0.14835298641951802 0.08377580409572782 -0.34732052114687156
-2.1 5.6000000000000005 -9.600000000000001 -0.14835298641951802 0.08377580409572782 -0.34732052114687156
-3.2 5.4 -8.1 -0.45204027626653137 0.1361356816555577 -0.38746309394274114
-3.2 5.4 -8.1 -0.45204027626653137 0.1361356816555577 -0.38746309394274114
-3.8000000000000003 5.5 -7.5 -0.466002910282486 0.03490658503988659 -0.39793506945470714
-3.8000000000000003 5.5 -7.5 -0.466002910282486 0.03490658503988659 -0.39793506945470714
-4.4 5.9 -6.800000000000001 -0.466002910282486 0.03490658503988659 -0.39793506945470714
-4.6000000000000005 6.4 -6.9 -0.4433136300065597 0.013962634015954637 -0.3700098014227979
-4.6000000000000005 6.4 -6.9 -0.4433136300065597 0.013962634015954637 -0.3700098014227979
-4.6000000000000005 6.4 -6.9 -0.38048177693476387 0.012217304763960306 -0.35255650890285456
-4.6000000000000005 6.4 -6.9 -0.3595378259108319 0.054105206811824215 -0.3490658503988659
-5.1000000000000005 6.800000000000001 -6.7 -0.3595378259108319 0.054105206811824215 -0.3490658503988659
-5 6.6000000000000005 -6.9 -0.28099800957108706 -0.03839724354387525 -0.3490658503988659
-5 6.6000000000000005 -6.9 -0.28099800957108706 -0.03839724354387525 -0.3490658503988659
-6.300000000000001 6.2 -7.7 -0.26179938779914946 -0.13788101090755203 -0.43458698374658805
-6.300000000000001 6.2 -7.7 -0.26179938779914946 -0.13788101090755203 -0.43458698374658805
-7.7 6 -7.1000000000000005 -0.26179938779914946 -0.13788101090755203 -0.43458698374658805
-7.7 6 -7.1000000000000005 -0.24958208303518914 -0.1884955592153876 -0.4468042885105484
-7.7 6 -7.1000000000000005 -0.24958208303518914 -0.1884955592153876 -0.4468042885105484
-8.9 5.9 -7.4 -0.06283185307179587 -0.36302848441482055 -0.3490658503988659
-8.9 5.9 -7.4 -0.06283185307179587 -0.5009094953223726 -0.17976891295541594
-8.9 5.6000000000000005 -9 -0.06283185307179587 -0.5009094953223726 -0.17976891295541594
-7.800000000000001 5.7 -9.5 -0.466002910282486 -0.5881759579220891 -0.09599310885968813
-7.800000000000001 5.7 -9.5 -0.466002910282486 -0.5881759579220891 -0.09599310885968813
-8.3 6.2 -7.6000000000000005 -1.069886831472524 -0.39269908169872414 -0.22689280275926285
-8.3 6.2 -7.6000000000000005 -1.069886831472524 -0.39269908169872414 -0.22689280275926285
-10.4 6.5 -4.2 -1.069886831472524 -0.39269908169872414 -0.22689280275926285
-10.4 6.5 -4.2 -1.1990411961201044 -0.307177948351002 -0.17976891295541594
-10.4 6.5 -4.2 -1.1990411961201044 -0.307177948351002 -0.17976891295541594
-11.4 6.9 -3.4000000000000004 -0.7278022980816354 -0.5567600313861911 0.3298672286269283
-11.4 6.9 -3.4000000000000004 -0.30543261909900765 -0.39444441095071847 0.8517206749732329
-8.700000000000001 6.800000000000001 -5.2 -0.30543261909900765 -0.39444441095071847 0.8517206749732329
-6.9 6.4 -6.9 -0.29146998508305305 -0.26005405854715513 1.0471975511965979
-6.9 6.4 -6.9 -0.29146998508305305 -0.26005405854715513 1.0471975511965979
-4.1000000000000005 6.5 -6.300000000000001 -0.4852015320544236 -0.42062434973063345 1.1100294042683936
-4.1000000000000005 6.5 -6.300000000000001 -0.4852015320544236 -0.42062434973063345 1.1100294042683936
-1.9000000000000001 6.9 -6.2 -0.4852015320544236 -0.42062434973063345 1.1100294042683936
-1.9000000000000001 6.9 -6.2 -0.5253441048502933 -0.4485496177625427 0.8604473212332044
-1.9000000000000001 6.9 -6.2 -0.5253441048502933 -0.4485496177625427 0.8604473212332044
-3 7.5 -3.5 -0.39793506945470714 -0.4188790204786391 0.6736970912698113
-3 7.5 -3.5 0.3717551306747922 -0.8936085770210968 0.7347836150896128
-3.7 7.1000000000000005 -2.1 0.3717551306747922 -0.8936085770210968 0.7347836150896128
-4.7 5.800000000000001 -4.3 1.228711793404008 -1.3159782560037245 1.0995574287564276
-4.7 5.800000000000001 -4.3 1.228711793404008 -1.3159782560037245 1.0995574287564276
-0.4 4.5 -8.4 1.5079644737231008 -0.9389871375729493 1.8570303241219668
-0.4 4.5 -8.4 1.5079644737231008 -0.9389871375729493 1.8570303241219668
-0.4 4.5 -8.4 1.5079644737231008 -0.9389871375729493 1.8570303241219668
5.300000000000001 4 -8.3 1.1728612573401895 -0.17278759594743862 2.0943951023931957
5.300000000000001 4 -8.3 1.1728612573401895 -0.17278759594743862 2.0943951023931957
5.9 3.7 -5.1000000000000005 1.2164944886400477 -0.4468042885105484 2.139773662945048
5.9 3.7 -5.1000000000000005 1.2164944886400477 -0.4468042885105484 2.139773662945048
6.4 2.3000000000000003 -6.1000000000000005 1.2164944886400477 -0.4468042885105484 2.139773662945048
6.4 2.3000000000000003 -6.1000000000000005 2.192133540504878 -0.5515240436302081 2.4975661596038856
6.4 2.3000000000000003 -6.1000000000000005 2.192133540504878 -0.5515240436302081 2.4975661596038856
7.4 1.2000000000000002 -11.3 1.7540558982543013 -0.5881759579220891 3.0298915814621563
7.4 1.2000000000000002 -11.3 1.2304571226560024 -0.14486232791552936 3.1066860685499065
11.5 0.6000000000000001 -12.700000000000001 1.2304571226560024 -0.14486232791552936 3.1066860685499065
15 2.4000000000000004 -9.8 0.5445427266222308 0.32637657012293964 2.879793265790644
15 2.4000000000000004 -9.8 0.5445427266222308 0.32637657012293964 2.879793265790644
16.3 4.3 -9.8 0.4380776422505767 0.5009094953223726 1.8325957145940461
16.3 4.3 -9.8 0.4380776422505767 0.5009094953223726 1.8325957145940461
12.3 5.7 -11.200000000000001 0.4380776422505767 0.5009094953223726 1.8325957145940461
9.3 5.4 -9.600000000000001 0.026179938779914945 0.4677482395344803 0.7417649320975901
9.3 5.4 -9.600000000000001 0.026179938779914945 0.4677482395344803 0.7417649320975901
9.3 5.4 -9.600000000000001 -0.4852015320544236 0.5602506898901798 0.04014257279586958
9.3 5.4 -9.600000000000001 -0.7190756518216638 0.33859387488689996 -0.4904375198104066
7 4.4 -8.6 -0.7190756518216638 0.33859387488689996 -0.4904375198104066
4.2 4.1000000000000005 -6.5 -0.7033676885537148 -0.06806784082777885 -0.8674286382411818
4.2 4.1000000000000005 -6.5 -0.7033676885537148 -0.06806784082777885 -0.8674286382411818
-0.1 4.3 -5.800000000000001 -0.3543018381548489 -0.1518436449235067 -0.9826203688728076
-0.1 4.3 -5.800000000000001 -0.3543018381548489 -0.1518436449235067 -0.9826203688728076
-2.2 4.800000000000001 -7.2 -0.3543018381548489 -0.1518436449235067 -0.9826203688728076
-0.9 5 -7.800000000000001 -0.07330382858376185 0.16231562043547265 -0.5113814708343386
-0.9 5 -7.800000000000001 -0.07330382858376185 0.16231562043547265 -0.5113814708343386
-0.9 5 -7.800000000000001 -0.029670597283903602 0.2059488517353309 -0.024434609527920613
-0.9 5 -7.800000000000001 0 0.06806784082777885 0.13439035240356337
0.9 5.7 -8.200000000000001 0 0.06806784082777885 0.13439035240356337
0.4 5.9 -9.8 -0.08726646259971647 0.06632251157578452 0.07155849933176751
0.4 5.9 -9.8 -0.08726646259971647 0.06632251157578452 0.07155849933176751
-0.4 6.4 -10.5 -0.5270894341022876 0.3089232776029963 0.16057029118347832
-0.4 6.4 -10.5 -0.5270894341022876 0.3089232776029963 0.16057029118347832
-0.5 6.800000000000001 -8.8 -0.5270894341022876 0.3089232776029963 0.16057029118347832
-0.5 6.800000000000001 -8.8 -1.0559241974565694 0.8377580409572782 0.3612831551628262
-0.5 6.800000000000001 -8.8 -1.0559241974565694 0.8377580409572782 0.3612831551628262
1.5 6.7 -6.4 -1.0733774899765127 0.3508111796508602 0.4904375198104066
1.5 6.7 -6.4 -0.9128071987930344 0.2583087292951608 0.2775073510670984
2.6 6.800000000000001 -7.1000000000000005 -0.9128071987930344 0.2583087292951608 0.2775073510670984
1.9000000000000001 6.800000000000001 -6.2 -1.069886831472524 0.9110618695410401 0.024434609527920613
1.9000000000000001 6.800000000000001 -6.2 -1.069886831472524 0.9110618695410401 0.024434609527920613
1 6.800000000000001 -5.5 -1.0995574287564276 1.0576695267085636 0.04188790204786391
1 6.800000000000001 -5.5 -1.0995574287564276 1.0576695267085636 0.04188790204786391
1.3 6.7 -4.6000000000000005 -1.0995574287564276 1.0576695267085636 0.04188790204786391
