-6.5 13.8 -4.7 -2.970550386894349 0.46251225177849736 1.9024088846738192
-9.8 17 -6.4 -3.2218777991815326 0.5078908123303499 1.6999506914424771
-9.8 17 -6.4 -3.2218777991815326 0.5078908123303499 1.6999506914424771
-10.3 17.1 -4.800000000000001 -3.4836771869806817 0.6859143960337716 1.9565140914856434
-10.3 17.1 -4.800000000000001 -3.4836771869806817 0.6859143960337716 1.9565140914856434
-7.6000000000000005 17.7 -0.8 -3.0037116426822412 0.5480333851262195 2.3160519173964755
-7.6000000000000005 17.7 -0.8 -3.0037116426822412 0.5480333851262195 2.3160519173964755
-7.6000000000000005 17.7 -0.8 -3.0037116426822412 0.5480333851262195 2.3160519173964755
0.1 17 -6.5 -0.4118977034706618 -0.5480333851262195 1.8535396656179781
0.1 17 -6.5 -0.4118977034706618 -0.5480333851262195 1.8535396656179781
0.1 17 -6.5 -0.4118977034706618 -0.5480333851262195 1.8535396656179781
0.6000000000000001 15.9 -9.9 -0.5166174585903216 -0.16231562043547265 0.9337511498169664
0.6000000000000001 15.9 -9.9 -0.5166174585903216 -0.16231562043547265 0.9337511498169664
-1.8 13.200000000000001 -10.4 -1.4957471689591404 0.49218284906240095 0.2181661564992912
-1.8 13.200000000000001 -10.4 -1.4957471689591404 0.49218284906240095 0.2181661564992912
-3.4000000000000004 12.3 -3.5 -2.530727415391778 0.8674286382411818 0.10821041362364843
-3.4000000000000004 12.3 -3.5 -2.530727415391778 0.8674286382411818 0.10821041362364843
-3.4000000000000004 12.3 -3.5 -2.530727415391778 0.8674286382411818 0.10821041362364843
-3 11.5 2.6 -2.2916173078685547 0.7295476273336298 0.15533430342749532
-3 11.5 2.6 -2.2916173078685547 0.7295476273336298 0.15533430342749532
-2.2 10.9 4.4 -1.3089969389957472 0.1832595714594046 0.13439035240356337
-1.5 10.200000000000001 1.7000000000000002 -0.3665191429188092 0.017453292519943295 0.06806784082777885
-1.5 10.200000000000001 1.7000000000000002 -0.3665191429188092 0.017453292519943295 0.06806784082777885
-1.5 10.200000000000001 1.7000000000000002 -0.17453292519943295 0.06981317007977318 0.03490658503988659
-1.5 10.200000000000001 1.7000000000000002 -0.17453292519943295 0.06981317007977318 0.03490658503988659
-2 9.9 0.5 -0.11868238913561441 0.1291543646475804 0.027925268031909273
-1.5 9.4 0.5 -0.08377580409572782 0.11868238913561441 0.04537856055185257
-1.5 9.4 0.5 -0.08377580409572782 0.11868238913561441 0.04537856055185257
-0.8 8.9 0.1 -0.09599310885968813 0.04014257279586958 -0.027925268031909273
-0.8 8.9 0.1 -0.09599310885968813 0.04014257279586958 -0.027925268031909273
-1.3 8.700000000000001 -0.4 -0.21642082724729686 0.1413716694115407 -0.158824961931484
-2.1 8.8 0.1 -0.38746309394274114 0.2984513020910304 -0.17453292519943295
-2.1 8.8 0.1 -0.38746309394274114 0.2984513020910304 -0.17453292519943295
-2.1 8.8 0.1 -0.38746309394274114 0.2984513020910304 -0.17453292519943295
-2.1 8.8 0.1 -0.38746309394274114 0.2984513020910304 -0.17453292519943295
-2.1 8.8 1.2000000000000002 -0.39269908169872414 0.18500490071139894 -0.10297442586766545
-2.1 9 1.4000000000000001 -0.20245819323134223 -0.13962634015954636 -0.022689280275926284
-2.1 9 1.4000000000000001 -0.20245819323134223 -0.13962634015954636 -0.022689280275926284
-2.3000000000000003 9.200000000000001 0.4 -0.07330382858376185 -0.1832595714594046 0.0942477796076938
-2.3000000000000003 9.200000000000001 0.4 -0.07330382858376185 -0.1832595714594046 0.0942477796076938
-1.7000000000000002 9.600000000000001 0 -0.153588974175501 0.024434609527920613 0.25481807079117214
-1.2000000000000002 9.700000000000001 0.2 -0.2670353755551324 0.16755160819145565 0.2897246558310587
-1.2000000000000002 9.700000000000001 0.2 -0.2670353755551324 0.16755160819145565 0.2897246558310587
-1.2000000000000002 9.700000000000001 0.2 -0.2670353755551324 0.16755160819145565 0.2897246558310587
-1.2000000000000002 9.700000000000001 0.2 -0.2670353755551324 0.16755160819145565 0.2897246558310587
-0.9 9.8 0.4 -0.2984513020910304 0.2007128639793479 0.26179938779914946
-0.9 9.9 0.7000000000000001 -0.26005405854715513 0.1832595714594046 0.20420352248333656
-0.9 9.9 0.7000000000000001 -0.26005405854715513 0.1832595714594046 0.20420352248333656
-1.3 10.100000000000001 0.30000000000000004 -0.19722220547535924 0.10821041362364843 0.16755160819145565
-1.3 10.100000000000001 0.30000000000000004 -0.19722220547535924 0.10821041362364843 0.16755160819145565
-1.3 10 0.4 -0.21293016874330822 0.17627825445142728 0.17627825445142728
-1.3 10 0.4 -0.21293016874330822 0.17627825445142728 0.17627825445142728
-1.3 10 0.4 -0.21293016874330822 0.17627825445142728 0.17627825445142728
-1.3 10.100000000000001 0.9 -0.16580627893946132 0.21991148575128552 0.20245819323134223
-1.3 10.100000000000001 0.9 -0.16580627893946132 0.21991148575128552 0.20245819323134223
-1.1 10 1 0.003490658503988659 0.07504915783575618 0.2059488517353309
-0.9 9.9 0.30000000000000004 0.15533430342749532 -0.13439035240356337 0.16231562043547265
-0.9 9.9 0.30000000000000004 0.15533430342749532 -0.13439035240356337 0.16231562043547265
-1.1 9.9 -0.30000000000000004 0.16580627893946132 -0.10995574287564276 0.10995574287564276
-1.1 9.9 -0.30000000000000004 0.16580627893946132 -0.10995574287564276 0.10995574287564276
-1.4000000000000001 9.9 -0.5 0.06806784082777885 0.059341194567807204 0.10471975511965978
-1.4000000000000001 9.9 -0.5 0.06806784082777885 0.059341194567807204 0.10471975511965978
-1.4000000000000001 9.9 -0.5 0.06806784082777885 0.059341194567807204 0.10471975511965978
-1 9.8 -0.2 -0.059341194567807204 0.10995574287564276 0.1291543646475804
-1 9.8 -0.2 -0.059341194567807204 0.10995574287564276 0.1291543646475804
-0.9 9.700000000000001 0.2 -0.10471975511965978 0.054105206811824215 0.0890117918517108
-0.9 9.700000000000001 0.5 -0.09250245035569947 0.031415926535897934 0.059341194567807204
-0.9 9.700000000000001 0.5 -0.09250245035569947 0.031415926535897934 0.059341194567807204
-0.9 9.700000000000001 0.6000000000000001 -0.06283185307179587 0.04188790204786391 0.05235987755982989
-0.9 9.700000000000001 0.6000000000000001 -0.06283185307179587 0.04188790204786391 0.05235987755982989
-1 9.700000000000001 0.30000000000000004 -0.024434609527920613 -0.012217304763960306 0.027925268031909273
-1 9.700000000000001 0.30000000000000004 -0.024434609527920613 -0.012217304763960306 0.027925268031909273
-1 9.700000000000001 0.30000000000000004 -0.024434609527920613 -0.012217304763960306 0.027925268031909273
-1.2000000000000002 9.700000000000001 0.1 -0.05759586531581288 0.022689280275926284 0.03839724354387525
-1.2000000000000002 9.700000000000001 0.1 -0.05759586531581288 0.022689280275926284 0.03839724354387525
-1.3 9.600000000000001 0 -0.12740903539558607 0.07330382858376185 0.08203047484373349
-0.9 9.5 0.2 -0.2111848394913139 0.1780235837034216 0.11344640137963143
-0.9 9.5 0.2 -0.2111848394913139 0.1780235837034216 0.11344640137963143
-0.6000000000000001 9.4 0.4 -0.24085543677521748 0.153588974175501 0.07504915783575618
-0.6000000000000001 9.4 0.4 -0.24085543677521748 0.153588974175501 0.07504915783575618
-0.6000000000000001 9.4 0.4 -0.22863813201125718 0.18151424220741028 0.017453292519943295
-0.8 9.5 0.6000000000000001 -0.22863813201125718 0.18151424220741028 0.017453292519943295
-0.8 9.5 0.6000000000000001 -0.22863813201125718 0.18151424220741028 0.017453292519943295
-1.2000000000000002 9.5 0.4 -0.1884955592153876 0.15707963267948966 0.005235987755982989
-1.2000000000000002 9.5 0.4 -0.1884955592153876 0.15707963267948966 0.005235987755982989
-1.4000000000000001 9.4 0.1 -0.20420352248333656 0.16755160819145565 0.061086523819801536
-1.6 9.5 0 -0.27576202181510406 0.18151424220741028 0.14486232791552936
-1.6 9.5 0 -0.27576202181510406 0.18151424220741028 0.14486232791552936
-1.3 9.5 0 -0.38397243543875254 0.25481807079117214 0.23212879051524585
-1.3 9.5 0 -0.38397243543875254 0.25481807079117214 0.23212879051524585
-1.3 9.5 0 -0.4415683007545654 0.312413936106985 0.2670353755551324
-0.8 9.5 0.30000000000000004 -0.48694686130641796 0.3543018381548489 0.2775073510670984
-0.8 9.5 0.30000000000000004 -0.48694686130641796 0.3543018381548489 0.2775073510670984
-0.5 9.5 0.7000000000000001 -0.5235987755982989 0.32637657012293964 0.24085543677521748
-0.5 9.5 0.7000000000000001 -0.5235987755982989 0.32637657012293964 0.24085543677521748
-0.7000000000000001 9.600000000000001 1.1 -0.5096361415823443 0.2984513020910304 0.19373154697137057
-0.8 9.600000000000001 1.4000000000000001 -0.4677482395344803 0.2932153143350474 0.1884955592153876
-0.8 9.600000000000001 1.4000000000000001 -0.4677482395344803 0.2932153143350474 0.1884955592153876
-0.8 9.600000000000001 1.4000000000000001 -0.4677482395344803 0.2932153143350474 0.1884955592153876
-0.8 9.600000000000001 1.4000000000000001 -0.4677482395344803 0.2932153143350474 0.1884955592153876
-0.7000000000000001 9.5 1.3 -0.4328416544945937 0.3612831551628262 0.19722220547535924
-0.8 9.600000000000001 1.4000000000000001 -0.41538836197465046 0.34732052114687156 0.1954768762233649
-0.8 9.600000000000001 1.4000000000000001 -0.41538836197465046 0.34732052114687156 0.1954768762233649
-0.6000000000000001 9.5 1.4000000000000001 -0.4066617157146788 0.28623399732707006 0.21293016874330822
-0.6000000000000001 9.5 1.4000000000000001 -0.4066617157146788 0.28623399732707006 0.21293016874330822
-0.6000000000000001 9.4 1.3 -0.43982297150257105 0.3420845333908886 0.2059488517353309
-0.8 9.3 1.1 -0.5323254218582705 0.4729842272904633 0.21467549799530253
-0.8 9.3 1.1 -0.5323254218582705 0.4729842272904633 0.21467549799530253
-0.8 9.3 1.1 -0.5323254218582705 0.4729842272904633 0.21467549799530253
-0.8 9.3 1.1 -0.5323254218582705 0.4729842272904633 0.21467549799530253
-0.9 9.3 0.9 -0.6789330790257943 0.5340707511102648 0.24958208303518914
-0.6000000000000001 9 0.9 -0.8726646259971648 0.6178465552059926 0.2775073510670984
-0.6000000000000001 9 0.9 -0.8726646259971648 0.6178465552059926 0.2775073510670984
-0.8 9 1 -1.0995574287564276 0.7976154681614086 0.2844886680750757
-0.8 9 1 -1.0995574287564276 0.7976154681614086 0.2844886680750757
-1.1 9.1 1.4000000000000001 -1.296779634231787 0.9459684545809266 0.35779249665883756
-1.3 9.1 1.4000000000000001 -1.530653753999027 1.1554079648202462 0.4799655442984406
-1.3 9.1 1.4000000000000001 -1.530653753999027 1.1554079648202462 0.4799655442984406
-1.3 9.1 1.4000000000000001 -1.530653753999027 1.1554079648202462 0.4799655442984406
-1.3 9.1 1.4000000000000001 -1.530653753999027 1.1554079648202462 0.4799655442984406
0.1 9.3 3 -1.70518667919846 1.117010721276371 0.6370451769779303
0.6000000000000001 8.9 3.7 -1.6964600329384885 1.0524335389525807 0.5131268000863329
0.6000000000000001 8.9 3.7 -1.6964600329384885 1.0524335389525807 0.5131268000863329
0.30000000000000004 9 4.2 -1.5952309363228172 1.233947781159991 0.4066617157146788
0.30000000000000004 9 4.2 -1.5952309363228172 1.233947781159991 0.4066617157146788
0.2 9 5.2 -1.4119713648634127 1.1030480872604163 0.3036872898470134
0.2 9 5.2 -1.4119713648634127 1.1030480872604163 0.3036872898470134
0.2 9 5.2 -1.4119713648634127 1.1030480872604163 0.3036872898470134
0 9 5.4 -1.090830782496456 0.7644542123735164 0.21991148575128552
0 9 5.4 -1.090830782496456 0.7644542123735164 0.21991148575128552
-0.2 8.9 4.5 -0.8656833089891874 0.7906341511534313 0.17627825445142728
-0.7000000000000001 8.8 4 -0.8709192967451704 0.9372418083209549 0.17453292519943295
-0.7000000000000001 8.8 4 -0.8709192967451704 0.9372418083209549 0.17453292519943295
-1.3 8.9 4.3 -0.9424777960769379 1.1100294042683936 0.25656340004316647
-1.3 8.9 4.3 -0.9424777960769379 1.1100294042683936 0.25656340004316647
-0.6000000000000001 8.5 4.5 -0.9651670763528643 0.8796459430051421 0.317649923862968
-0.6000000000000001 8.5 4.5 -0.9651670763528643 0.8796459430051421 0.317649923862968
-0.6000000000000001 8.5 4.5 -0.9651670763528643 0.8796459430051421 0.317649923862968
-0.4 8.4 5 -0.9896016858807849 0.8045967851693859 0.23911010752322315
-0.4 8.4 5 -0.9896016858807849 0.8045967851693859 0.23911010752322315
-0.2 8.4 5.7 -0.8115781021773633 0.5480333851262195 0.1832595714594046
-0.2 8.4 6.2 -0.5427973973702365 0.2478367537831948 0.09250245035569947
-0.2 8.4 6.2 -0.5427973973702365 0.2478367537831948 0.09250245035569947
-0.5 8.3 5.800000000000001 -0.22863813201125718 0.0471238898038469 0.04188790204786391
-0.5 8.3 5.800000000000001 -0.22863813201125718 0.0471238898038469 0.04188790204786391
-0.8 8.5 5.5 -0.0471238898038469 -0.12566370614359174 0.06806784082777885
-0.8 8.5 5.5 -0.0471238898038469 -0.12566370614359174 0.06806784082777885
-0.8 8.5 5.5 -0.0471238898038469 -0.12566370614359174 0.06806784082777885
-0.4 8.6 5.1000000000000005 0.027925268031909273 -0.1954768762233649 0.11519173063162576
-0.4 8.6 5.1000000000000005 0.027925268031909273 -0.1954768762233649 0.11519173063162576
-0.4 8.6 4.7 0 -0.08028514559173916 0.09599310885968813
-0.30000000000000004 8.6 4.6000000000000005 -0.10471975511965978 0.06806784082777885 0.10646508437165411
-0.30000000000000004 8.6 4.6000000000000005 -0.10471975511965978 0.06806784082777885 0.10646508437165411
-0.4 8.700000000000001 5.5 -0.18500490071139894 0.19896753472735357 0.09599310885968813
-0.4 8.700000000000001 5.5 -0.18500490071139894 0.19896753472735357 0.09599310885968813
-0.4 8.5 5.7 -0.08203047484373349 0.1780235837034216 0.06981317007977318
-0.4 8.5 5.7 -0.08203047484373349 0.1780235837034216 0.06981317007977318
-0.4 8.5 5.7 -0.08203047484373349 0.1780235837034216 0.06981317007977318
-0.6000000000000001 8.4 5.6000000000000005 0.048869219055841226 0.0890117918517108 0.0471238898038469
-0.6000000000000001 8.4 5.6000000000000005 0.048869219055841226 0.0890117918517108 0.0471238898038469
-0.5 8.4 5.2 0.16755160819145565 0.017453292519943295 0.0471238898038469
-0.4 8.4 5.1000000000000005 0.17278759594743862 -0.03839724354387525 0.04363323129985824
-0.4 8.4 5.1000000000000005 0.17278759594743862 -0.03839724354387525 0.04363323129985824
-0.4 8.4 5.1000000000000005 0.17278759594743862 -0.03839724354387525 0.04363323129985824
-0.4 8.4 5.1000000000000005 0.17278759594743862 -0.03839724354387525 0.04363323129985824
-0.6000000000000001 8.5 5.1000000000000005 0.1466076571675237 0.006981317007977318 0.04363323129985824
-0.5 8.5 5.2 0.12566370614359174 0.0767944870877505 0.06981317007977318
-0.5 8.5 5.2 0.12566370614359174 0.0767944870877505 0.06981317007977318
-0.30000000000000004 8.4 5.4 0.11868238913561441 0.10821041362364843 0.07330382858376185
-0.30000000000000004 8.4 5.4 0.11868238913561441 0.10821041362364843 0.07330382858376185
-0.4 8.4 5.2 0.16406094968746698 0.006981317007977318 0.0471238898038469
-0.30000000000000004 8.3 4.6000000000000005 0.13089969389957473 0.005235987755982989 0.05061454830783556
-0.30000000000000004 8.3 4.6000000000000005 0.13089969389957473 0.005235987755982989 0.05061454830783556
-0.30000000000000004 8.3 4.6000000000000005 0.13089969389957473 0.005235987755982989 0.05061454830783556
-0.30000000000000004 8.3 4.6000000000000005 0.13089969389957473 0.005235987755982989 0.05061454830783556
-0.2 8.3 5 0.03839724354387525 0.16231562043547265 0.029670597283903602
-0.30000000000000004 8.3 5.2 0.031415926535897934 0.19198621771937627 0.031415926535897934
-0.30000000000000004 8.3 5.2 0.031415926535897934 0.19198621771937627 0.031415926535897934
-0.2 8.3 5.300000000000001 0.0767944870877505 0.04363323129985824 0.031415926535897934
-0.2 8.3 5.300000000000001 0.0767944870877505 0.04363323129985824 0.031415926535897934
-0.2 8.3 5.1000000000000005 0.13788101090755203 0.010471975511965978 0.008726646259971648
-0.4 8.5 4.800000000000001 0.16406094968746698 0.07853981633974483 0.017453292519943295
-0.4 8.5 4.800000000000001 0.16406094968746698 0.07853981633974483 0.017453292519943295
-0.4 8.5 4.800000000000001 0.16406094968746698 0.07853981633974483 0.017453292519943295
-0.4 8.5 4.800000000000001 0.16406094968746698 0.07853981633974483 0.017453292519943295
-0.4 8.4 4.800000000000001 0.1466076571675237 0.08552113334772216 0.006981317007977318
-0.6000000000000001 8.4 4.6000000000000005 0.14835298641951802 0.024434609527920613 0.003490658503988659
-0.6000000000000001 8.4 4.6000000000000005 0.14835298641951802 0.024434609527920613 0.003490658503988659
0 8.3 4.7 0.11519173063162576 -0.05061454830783556 0.027925268031909273
0 8.3 4.7 0.11519173063162576 -0.05061454830783556 0.027925268031909273
0 8.3 4.7 0.11519173063162576 -0.05061454830783556 0.027925268031909273
-0.2 8.6 4.7 0.10821041362364843 -0.07155849933176751 -0.04537856055185257
-0.2 8.6 4.7 0.10821041362364843 -0.07155849933176751 -0.04537856055185257
-0.2 8.6 4.7 0.10821041362364843 -0.07155849933176751 -0.04537856055185257
-0.1 8.5 4.9 0.09948376736367678 -0.08377580409572782 -0.04014257279586958
-0.1 8.5 4.9 0.09948376736367678 -0.08377580409572782 -0.04014257279586958
-0.1 8.5 4.9 0.09948376736367678 -0.08377580409572782 -0.04014257279586958
-0.1 8.5 4.9 0.09948376736367678 -0.08377580409572782 -0.04014257279586958
-0.1 8.5 4.9 0.09948376736367678 -0.08377580409572782 -0.04014257279586958
-0.1 8.5 4.9 0.09948376736367678 -0.08377580409572782 -0.04014257279586958
-0.1 8.5 4.9 0.09948376736367678 -0.08377580409572782 -0.04014257279586958
-0.4 8.6 4.7 0.1361356816555577 -0.14835298641951802 -0.048869219055841226
-0.4 8.6 4.7 0.1361356816555577 -0.14835298641951802 -0.048869219055841226
-0.4 8.6 4.7 0.1361356816555577 -0.14835298641951802 -0.048869219055841226
-0.4 8.6 4.4 0.1361356816555577 -0.19373154697137057 -0.019198621771937624
-0.4 8.6 4.4 0.1361356816555577 -0.19373154697137057 -0.019198621771937624
-0.4 8.6 4.4 0.1361356816555577 -0.19373154697137057 -0.019198621771937624
-0.2 8.6 4.6000000000000005 0.08028514559173916 -0.10297442586766545 -0.019198621771937624
-0.2 8.6 4.6000000000000005 0.08028514559173916 -0.10297442586766545 -0.019198621771937624
-0.2 8.6 4.6000000000000005 0.08028514559173916 -0.10297442586766545 -0.019198621771937624
-0.2 8.6 4.6000000000000005 0.08028514559173916 -0.10297442586766545 -0.019198621771937624
-0.30000000000000004 8.6 4.7 0.08377580409572782 -0.10122909661567112 -0.04537856055185257
-0.30000000000000004 8.6 4.7 0.08377580409572782 -0.10122909661567112 -0.04537856055185257
-0.30000000000000004 8.6 4.7 0.08377580409572782 -0.10122909661567112 -0.04537856055185257
-0.4 8.700000000000001 4.800000000000001 0.09773843811168245 -0.14486232791552936 -0.05061454830783556
-0.4 8.700000000000001 4.800000000000001 0.09773843811168245 -0.14486232791552936 -0.05061454830783556
-0.4 8.700000000000001 4.800000000000001 0.09773843811168245 -0.14486232791552936 -0.05061454830783556
-0.4 8.700000000000001 4.800000000000001 0.09773843811168245 -0.14486232791552936 -0.05061454830783556
-0.4 8.700000000000001 4.800000000000001 0.09773843811168245 -0.14486232791552936 -0.05061454830783556
-0.4 8.700000000000001 4.800000000000001 0.09773843811168245 -0.14486232791552936 -0.05061454830783556
-0.4 8.700000000000001 4.800000000000001 0.09773843811168245 -0.14486232791552936 -0.05061454830783556
-0.4 8.700000000000001 4.9 0.13264502315156904 -0.14835298641951802 -0.03490658503988659
-0.4 8.700000000000001 4.9 0.13264502315156904 -0.14835298641951802 -0.03490658503988659
-0.4 8.700000000000001 4.9 0.13264502315156904 -0.14835298641951802 -0.03490658503988659
-0.4 8.6 4.9 0.2007128639793479 -0.16929693744344998 -0.031415926535897934
-0.4 8.6 4.9 0.2007128639793479 -0.16929693744344998 -0.031415926535897934
-0.4 8.6 4.9 0.2007128639793479 -0.16929693744344998 -0.031415926535897934
-0.5 8.6 5 0.27576202181510406 -0.17278759594743862 -0.022689280275926284
-0.5 8.6 5 0.27576202181510406 -0.17278759594743862 -0.022689280275926284
-0.5 8.6 5 0.27576202181510406 -0.17278759594743862 -0.022689280275926284
-0.5 8.6 5 0.27576202181510406 -0.17278759594743862 -0.022689280275926284
-0.6000000000000001 8.700000000000001 4.800000000000001 0.37873644768276954 -0.2775073510670984 0
-0.6000000000000001 8.700000000000001 4.800000000000001 0.37873644768276954 -0.2775073510670984 0
-0.6000000000000001 8.700000000000001 4.800000000000001 0.37873644768276954 -0.2775073510670984 0
-0.6000000000000001 8.700000000000001 4.800000000000001 0.40491638646268446 -0.3193952531149623 0.022689280275926284
-0.6000000000000001 8.700000000000001 4.800000000000001 0.40491638646268446 -0.3193952531149623 0.022689280275926284
-0.6000000000000001 8.700000000000001 4.800000000000001 0.40491638646268446 -0.3193952531149623 0.022689280275926284
-0.4 8.700000000000001 4.5 0.4136430327226561 -0.3246312408709453 0.03316125578789226
-0.4 8.700000000000001 4.5 0.4136430327226561 -0.3246312408709453 0.03316125578789226
-0.4 8.700000000000001 4.5 0.4136430327226561 -0.3246312408709453 0.03316125578789226
-0.4 8.700000000000001 4.5 0.4136430327226561 -0.3246312408709453 0.03316125578789226
-0.30000000000000004 8.700000000000001 4.4 0.3961897402027128 -0.307177948351002 0.03490658503988659
-0.30000000000000004 8.700000000000001 4.4 0.3961897402027128 -0.307177948351002 0.03490658503988659
-0.30000000000000004 8.700000000000001 4.4 0.3961897402027128 -0.307177948351002 0.03490658503988659
-0.4 8.8 4.3 0.37873644768276954 -0.25481807079117214 0.03316125578789226
-0.4 8.8 4.3 0.37873644768276954 -0.25481807079117214 0.03316125578789226
-0.4 8.8 4.3 0.37873644768276954 -0.25481807079117214 0.03316125578789226
-0.4 8.8 4.1000000000000005 0.34557519189487723 -0.1884955592153876 0.05061454830783556
-0.4 8.8 4.1000000000000005 0.34557519189487723 -0.1884955592153876 0.05061454830783556
-0.4 8.8 4.1000000000000005 0.34557519189487723 -0.1884955592153876 0.05061454830783556
-0.4 8.8 4.1000000000000005 0.34557519189487723 -0.1884955592153876 0.05061454830783556
-0.2 8.700000000000001 4.6000000000000005 0.3368485456349056 -0.2007128639793479 0.05235987755982989
-0.2 8.700000000000001 4.6000000000000005 0.3368485456349056 -0.2007128639793479 0.05235987755982989
-0.2 8.700000000000001 4.6000000000000005 0.3368485456349056 -0.2007128639793479 0.05235987755982989
-0.2 8.700000000000001 4.6000000000000005 0.3368485456349056 -0.2007128639793479 0.05235987755982989
-0.2 8.700000000000001 4.6000000000000005 0.3368485456349056 -0.2007128639793479 0.05235987755982989
-0.2 8.700000000000001 4.6000000000000005 0.3368485456349056 -0.2007128639793479 0.05235987755982989
-0.2 8.8 4.800000000000001 0.4171336912266448 -0.2670353755551324 0.03665191429188092
-0.2 8.8 4.800000000000001 0.4171336912266448 -0.2670353755551324 0.03665191429188092
-0.2 8.8 4.800000000000001 0.4171336912266448 -0.2670353755551324 0.03665191429188092
-0.2 8.8 4.800000000000001 0.4171336912266448 -0.2670353755551324 0.03665191429188092
-0.30000000000000004 8.8 4.7 0.5637413483941685 -0.40491638646268446 0.026179938779914945
-0.30000000000000004 8.8 4.7 0.5637413483941685 -0.40491638646268446 0.026179938779914945
-0.30000000000000004 8.8 4.7 0.5637413483941685 -0.40491638646268446 0.026179938779914945
-0.2 8.9 3.9000000000000004 0.6457718232379019 -0.34732052114687156 0.06283185307179587
-0.2 8.9 3.9000000000000004 0.6457718232379019 -0.34732052114687156 0.06283185307179587
-0.2 8.9 3.9000000000000004 0.6457718232379019 -0.34732052114687156 0.06283185307179587
-0.1 9.1 3.4000000000000004 0.5934119456780721 -0.24609142453120048 0.07155849933176751
-0.1 9.1 3.4000000000000004 0.5934119456780721 -0.24609142453120048 0.07155849933176751
-0.1 9.1 3.4000000000000004 0.5934119456780721 -0.24609142453120048 0.07155849933176751
-0.1 9.1 3.4000000000000004 0.5934119456780721 -0.24609142453120048 0.07155849933176751
0 9.1 3.2 0.47123889803846897 -0.19722220547535924 0.061086523819801536
0 9.1 3.2 0.47123889803846897 -0.19722220547535924 0.061086523819801536
0 9.1 3.2 0.47123889803846897 -0.19722220547535924 0.061086523819801536
0 9.1 3.2 0.47123889803846897 -0.19722220547535924 0.061086523819801536
0 9.1 3.2 0.47123889803846897 -0.19722220547535924 0.061086523819801536
0 9.1 3.2 0.47123889803846897 -0.19722220547535924 0.061086523819801536
0 9.1 3.4000000000000004 0.38397243543875254 -0.13264502315156904 0.022689280275926284
0 9.1 3.4000000000000004 0.38397243543875254 -0.13264502315156904 0.022689280275926284
0 9.1 3.4000000000000004 0.38397243543875254 -0.13264502315156904 0.022689280275926284
0 9.1 3.4000000000000004 0.38397243543875254 -0.13264502315156904 0.022689280275926284
-0.1 9.1 3.5 0.3560471674068432 -0.12042771838760874 0
-0.1 9.1 3.5 0.3560471674068432 -0.12042771838760874 0
-0.1 9.1 3.5 0.3560471674068432 -0.12042771838760874 0
-0.2 9.1 3.2 0.36826447217080355 -0.13788101090755203 0.019198621771937624
-0.2 9.1 3.2 0.36826447217080355 -0.13788101090755203 0.019198621771937624
-0.2 9.1 3.2 0.36826447217080355 -0.13788101090755203 0.019198621771937624
-0.1 9.200000000000001 3.1 0.33161255787892263 -0.12740903539558607 0.048869219055841226
-0.1 9.200000000000001 3.1 0.33161255787892263 -0.12740903539558607 0.048869219055841226
-0.1 9.200000000000001 3.1 0.33161255787892263 -0.12740903539558607 0.048869219055841226
-0.1 9.200000000000001 3.1 0.33161255787892263 -0.12740903539558607 0.048869219055841226
-0.1 9.200000000000001 3.1 0.33161255787892263 -0.12740903539558607 0.048869219055841226
-0.1 9.200000000000001 3.1 0.33161255787892263 -0.12740903539558607 0.048869219055841226
-0.1 9.200000000000001 3.1 0.33161255787892263 -0.12740903539558607 0.048869219055841226
0.1 9.200000000000001 3.2 0.2932153143350474 -0.0767944870877505 0.04537856055185257
0.1 9.200000000000001 3.2 0.2932153143350474 -0.0767944870877505 0.04537856055185257
0.1 9.200000000000001 3.2 0.2932153143350474 -0.0767944870877505 0.04537856055185257
0 9.3 3.1 0.2879793265790644 -0.08377580409572782 0.022689280275926284
0 9.3 3.1 0.2879793265790644 -0.08377580409572782 0.022689280275926284
0 9.3 3.1 0.2879793265790644 -0.08377580409572782 0.022689280275926284
0 9.3 3.1 0.2879793265790644 -0.08377580409572782 0.022689280275926284
0.4 9.3 3.3000000000000003 0.2844886680750757 -0.12042771838760874 -0.006981317007977318
0.4 9.3 3.3000000000000003 0.2844886680750757 -0.12042771838760874 -0.006981317007977318
0.4 9.3 3.3000000000000003 0.2844886680750757 -0.12042771838760874 -0.006981317007977318
0.2 9.3 3 0.3141592653589793 -0.1832595714594046 -0.08203047484373349
0.2 9.3 3 0.3141592653589793 -0.1832595714594046 -0.08203047484373349
0.2 9.3 3 0.3141592653589793 -0.1832595714594046 -0.08203047484373349
0.2 9.3 3 0.2879793265790644 -0.18675022996339327 -0.11519173063162576
0.2 9.3 3 0.2879793265790644 -0.18675022996339327 -0.11519173063162576
0.2 9.3 3 0.2879793265790644 -0.18675022996339327 -0.11519173063162576
0.2 9.3 3 0.2879793265790644 -0.18675022996339327 -0.11519173063162576
0.2 9.4 2.8000000000000003 0.2879793265790644 -0.18675022996339327 -0.11519173063162576
0.2 9.4 2.8000000000000003 0.2879793265790644 -0.18675022996339327 -0.11519173063162576
0.2 9.4 2.8000000000000003 0.2879793265790644 -0.18675022996339327 -0.11519173063162576
-0.1 9.3 2.6 0.2181661564992912 -0.1117010721276371 -0.1361356816555577
-0.1 9.3 2.6 0.2181661564992912 -0.1117010721276371 -0.1361356816555577
-0.1 9.3 2.6 0.2181661564992912 -0.1117010721276371 -0.1361356816555577
-0.1 9.200000000000001 2.8000000000000003 0.1361356816555577 -0.10821041362364843 -0.1239183768915974
-0.1 9.200000000000001 2.8000000000000003 0.1361356816555577 -0.10821041362364843 -0.1239183768915974
-0.1 9.200000000000001 2.8000000000000003 0.1361356816555577 -0.10821041362364843 -0.1239183768915974
-0.1 9.200000000000001 2.8000000000000003 0.1361356816555577 -0.10821041362364843 -0.1239183768915974
0.1 9.1 3.1 0.11344640137963143 -0.09250245035569947 -0.12566370614359174
0.1 9.1 3.1 0.11344640137963143 -0.09250245035569947 -0.12566370614359174
0.1 9.1 3.1 0.11344640137963143 -0.09250245035569947 -0.12566370614359174
0.1 9.1 3.3000000000000003 0.16057029118347832 -0.16057029118347832 -0.16231562043547265
0.1 9.1 3.3000000000000003 0.16057029118347832 -0.16057029118347832 -0.16231562043547265
0.1 9.1 3.3000000000000003 0.16057029118347832 -0.16057029118347832 -0.16231562043547265
0.1 9.1 3.3000000000000003 0.16057029118347832 -0.16057029118347832 -0.16231562043547265
0.1 9.1 3.3000000000000003 0.16057029118347832 -0.16057029118347832 -0.16231562043547265
0.1 9.1 3.3000000000000003 0.16057029118347832 -0.16057029118347832 -0.16231562043547265
0.1 9.1 3.3000000000000003 0.16057029118347832 -0.16057029118347832 -0.16231562043547265
-0.2 9.1 3.3000000000000003 0.23212879051524585 -0.18675022996339327 -0.17453292519943295
-0.2 9.1 3.3000000000000003 0.23212879051524585 -0.18675022996339327 -0.17453292519943295
-0.2 9.1 3.3000000000000003 0.23212879051524585 -0.18675022996339327 -0.17453292519943295
-0.30000000000000004 9.1 3.3000000000000003 0.29670597283903605 -0.22514747350726852 -0.13788101090755203
-0.30000000000000004 9.1 3.3000000000000003 0.29670597283903605 -0.22514747350726852 -0.13788101090755203
-0.30000000000000004 9.1 3.3000000000000003 0.29670597283903605 -0.22514747350726852 -0.13788101090755203
-0.1 9.1 3.2 0.36826447217080355 -0.3141592653589793 -0.1117010721276371
-0.1 9.1 3.2 0.36826447217080355 -0.3141592653589793 -0.1117010721276371
-0.1 9.1 3.2 0.36826447217080355 -0.3141592653589793 -0.1117010721276371
-0.1 9.1 3.2 0.36826447217080355 -0.3141592653589793 -0.1117010721276371
-0.1 9.200000000000001 2.9000000000000004 0.4310963252425994 -0.3612831551628262 -0.12566370614359174
-0.1 9.200000000000001 2.9000000000000004 0.4310963252425994 -0.3612831551628262 -0.12566370614359174
-0.1 9.200000000000001 2.9000000000000004 0.4310963252425994 -0.3612831551628262 -0.12566370614359174
0 9.3 2.9000000000000004 0.47123889803846897 -0.38048177693476387 -0.1518436449235067
0 9.3 2.9000000000000004 0.47123889803846897 -0.38048177693476387 -0.1518436449235067
0 9.3 2.9000000000000004 0.47123889803846897 -0.38048177693476387 -0.1518436449235067
0 9.3 2.9000000000000004 0.47123889803846897 -0.38048177693476387 -0.1518436449235067
0 9.3 2.9000000000000004 0.47123889803846897 -0.38048177693476387 -0.1518436449235067
0 9.3 2.9000000000000004 0.47123889803846897 -0.38048177693476387 -0.1518436449235067
0 9.3 2.9000000000000004 0.47123889803846897 -0.38048177693476387 -0.1518436449235067
-0.30000000000000004 9.4 2.8000000000000003 0.5253441048502933 -0.3717551306747922 -0.16057029118347832
-0.30000000000000004 9.4 2.8000000000000003 0.5253441048502933 -0.3717551306747922 -0.16057029118347832
-0.30000000000000004 9.4 2.8000000000000003 0.5253441048502933 -0.3717551306747922 -0.16057029118347832
0 9.5 3.5 0.6265732014659643 -0.4729842272904633 -0.1239183768915974
0 9.5 3.5 0.6265732014659643 -0.4729842272904633 -0.1239183768915974
0 9.5 3.5 0.6265732014659643 -0.4729842272904633 -0.1239183768915974
0.4 9.5 3.5 0.9023352232810684 -0.7801621756414653 -0.20420352248333656
0.4 9.5 3.5 0.9023352232810684 -0.7801621756414653 -0.20420352248333656
0.4 9.5 3.5 0.9023352232810684 -0.7801621756414653 -0.20420352248333656
0.4 9.5 3.5 0.9023352232810684 -0.7801621756414653 -0.20420352248333656
0.2 9.600000000000001 2.8000000000000003 1.1397000015522971 -0.8342673824532896 -0.32288591161895097
0.2 9.600000000000001 2.8000000000000003 1.1397000015522971 -0.8342673824532896 -0.32288591161895097
0.2 9.600000000000001 2.8000000000000003 1.1397000015522971 -0.8342673824532896 -0.32288591161895097
-0.1 9.700000000000001 2.5 1.281071670963838 -1.0140362954087054 -0.39793506945470714
-0.1 9.700000000000001 2.5 1.281071670963838 -1.0140362954087054 -0.39793506945470714
-0.1 9.700000000000001 2.5 1.281071670963838 -1.0140362954087054 -0.39793506945470714
-0.1 9.8 2.4000000000000004 1.281071670963838 -1.0140362954087054 -0.39793506945470714
-0.1 9.8 2.4000000000000004 1.281071670963838 -1.0140362954087054 -0.39793506945470714
-0.1 9.8 2.4000000000000004 1.281071670963838 -1.0140362954087054 -0.39793506945470714
-0.1 9.8 2.4000000000000004 1.281071670963838 -1.0140362954087054 -0.39793506945470714
0.5 10 2.3000000000000003 1.413716694115407 -1.3055062804917585 -0.5166174585903216
0.5 10 2.3000000000000003 1.413716694115407 -1.3055062804917585 -0.5166174585903216
0.5 10 2.3000000000000003 1.413716694115407 -1.3055062804917585 -0.5166174585903216
0 10.5 1.7000000000000002 1.551597705022959 -1.4259339988793673 -0.7417649320975901
0 10.5 1.7000000000000002 1.551597705022959 -1.4259339988793673 -0.7417649320975901
0 10.5 1.7000000000000002 1.551597705022959 -1.4259339988793673 -0.7417649320975901
-0.9 11.200000000000001 3.1 1.7610372152622786 -1.460840583919254 -0.8796459430051421
-0.9 11.200000000000001 3.1 1.7610372152622786 -1.460840583919254 -0.8796459430051421
-0.9 11.200000000000001 3.1 1.7610372152622786 -1.460840583919254 -0.8796459430051421
-0.9 11.200000000000001 3.1 1.7610372152622786 -1.460840583919254 -0.8796459430051421
-1.6 12.100000000000001 1.5 2.3474678439323733 -1.7558012275062955 -1.0262536001726659
-1.6 12.100000000000001 1.5 2.3474678439323733 -1.7558012275062955 -1.0262536001726659
-1.6 12.100000000000001 1.5 2.3474678439323733 -1.7558012275062955 -1.0262536001726659
-1.6 12.100000000000001 1.5 2.3474678439323733 -1.7558012275062955 -1.0262536001726659
-1.6 12.100000000000001 1.5 2.3474678439323733 -1.7558012275062955 -1.0262536001726659
-1.6 12.100000000000001 1.5 2.3474678439323733 -1.7558012275062955 -1.0262536001726659
-3.1 13.600000000000001 -0.2 2.775073510670984 -1.5882496193148399 -1.1536626355682518
-3.1 13.600000000000001 -0.2 2.775073510670984 -1.5882496193148399 -1.1536626355682518
-3.1 13.600000000000001 -0.2 2.775073510670984 -1.5882496193148399 -1.1536626355682518
-3.1 13.600000000000001 -0.2 2.775073510670984 -1.5882496193148399 -1.1536626355682518
-3.3000000000000003 15.100000000000001 -2.4000000000000004 3.113667385557884 -1.567305668290908 -1.2461650859239513
-3.3000000000000003 15.100000000000001 -2.4000000000000004 3.113667385557884 -1.567305668290908 -1.2461650859239513
-3.3000000000000003 15.100000000000001 -2.4000000000000004 3.113667385557884 -1.567305668290908 -1.2461650859239513
-3.2 16.3 -3.8000000000000003 3.3702307856010503 -1.6510814723866358 -1.6074482410867776
-3.2 16.3 -3.8000000000000003 3.3702307856010503 -1.6510814723866358 -1.6074482410867776
-3.2 16.3 -3.8000000000000003 3.3702307856010503 -1.6510814723866358 -1.6074482410867776
-3.8000000000000003 16.8 -5.7 3.4243359924128747 -1.694714703686494 -2.1537362969610028
-3.8000000000000003 16.8 -5.7 3.4243359924128747 -1.694714703686494 -2.1537362969610028
-3.8000000000000003 16.8 -5.7 3.4243359924128747 -1.694714703686494 -2.1537362969610028
-3.8000000000000003 16.8 -5.7 3.4243359924128747 -1.694714703686494 -2.1537362969610028
-3.8000000000000003 16.8 -5.7 3.366740127097062 -1.6109388995907663 -2.4591689160600105
-3.8000000000000003 16.8 -5.7 3.366740127097062 -1.6109388995907663 -2.4591689160600105
-3.8000000000000003 16.8 -5.7 3.366740127097062 -1.6109388995907663 -2.4591689160600105
-4.7 16.8 -5 3.389429407372988 -1.4311699866353502 -2.794272132442922
-4.7 16.8 -5 3.389429407372988 -1.4311699866353502 -2.794272132442922
-4.7 16.8 -5 3.389429407372988 -1.4311699866353502 -2.794272132442922
-6.800000000000001 15.9 -4.2 3.883357585687383 -1.403244718603441 -3.3649947978450676
-6.800000000000001 15.9 -4.2 3.883357585687383 -1.403244718603441 -3.3649947978450676
-6.800000000000001 15.9 -4.2 3.883357585687383 -1.403244718603441 -3.3649947978450676
-6.800000000000001 15.9 -4.2 3.883357585687383 -1.403244718603441 -3.3649947978450676
-8.8 13.4 -6.6000000000000005 4.4837508483734325 -1.7662732030182615 -3.864158963915446
-8.8 13.4 -6.6000000000000005 4.4837508483734325 -1.7662732030182615 -3.864158963915446
-8.8 13.4 -6.6000000000000005 4.4837508483734325 -1.7662732030182615 -3.864158963915446
-12.100000000000001 11.4 -8.9 4.598942579005058 -2.022836603061428 -4.214970143566306
-12.100000000000001 11.4 -8.9 4.598942579005058 -2.022836603061428 -4.214970143566306
-12.100000000000001 11.4 -8.9 4.598942579005058 -2.022836603061428 -4.214970143566306
-13.4 9.1 -11.4 4.220206131322289 -2.2497294058206907 -4.1975168510463625
-13.4 9.1 -11.4 4.220206131322289 -2.2497294058206907 -4.1975168510463625
-13.4 9.1 -11.4 4.220206131322289 -2.2497294058206907 -4.1975168510463625
-13.4 9.1 -11.4 4.220206131322289 -2.2497294058206907 -4.1975168510463625
-13.4 9.1 -11.4 4.220206131322289 -2.2497294058206907 -4.1975168510463625
-13.4 9.1 -11.4 4.220206131322289 -2.2497294058206907 -4.1975168510463625
-13.4 9.1 -11.4 4.220206131322289 -2.2497294058206907 -4.1975168510463625
-14.3 9.1 -12.3 3.0909781052819576 -2.165953601724963 -3.9217548292312587
-14.3 9.1 -12.3 3.0909781052819576 -2.165953601724963 -3.9217548292312587
-14.3 9.1 -12.3 3.0909781052819576 -2.165953601724963 -3.9217548292312587
-12.9 9.1 -9.600000000000001 1.6004669240788003 -1.747074581246324 -3.3073989325292548
-12.9 9.1 -9.600000000000001 1.6004669240788003 -1.747074581246324 -3.3073989325292548
-12.9 9.1 -9.600000000000001 1.6004669240788003 -1.747074581246324 -3.3073989325292548
-12.9 9.1 -9.600000000000001 1.6004669240788003 -1.747074581246324 -3.3073989325292548
-8.5 8.200000000000001 -3.8000000000000003 0.5497787143782138 -1.6598081186466074 -2.7680921936630067
-8.5 8.200000000000001 -3.8000000000000003 0.5497787143782138 -1.6598081186466074 -2.7680921936630067
-8.5 8.200000000000001 -3.8000000000000003 0.5497787143782138 -1.6598081186466074 -2.7680921936630067
-6.6000000000000005 6.9 2.7 0.6265732014659643 -1.75754655675829 -2.527236756887789
-6.6000000000000005 6.9 2.7 0.6265732014659643 -1.75754655675829 -2.527236756887789
-6.6000000000000005 6.9 2.7 0.6265732014659643 -1.75754655675829 -2.527236756887789
-6.7 5.4 3 1.4922565104551517 -1.7592918860102842 -1.99142067652553
-6.7 5.4 3 1.4922565104551517 -1.7592918860102842 -1.99142067652553
-6.7 5.4 3 1.4922565104551517 -1.7592918860102842 -1.99142067652553
-6.7 5.4 3 1.4922565104551517 -1.7592918860102842 -1.99142067652553
-6.7 5.4 3 1.4922565104551517 -1.7592918860102842 -1.99142067652553
-6.7 5.4 3 1.4922565104551517 -1.7592918860102842 -1.99142067652553
-6.7 5.4 3 1.4922565104551517 -1.7592918860102842 -1.99142067652553
-3.5 4.800000000000001 -0.6000000000000001 2.0525072003453317 -1.6231562043547265 -0.8901179185171081
-3.5 4.800000000000001 -0.6000000000000001 2.0525072003453317 -1.6231562043547265 -0.8901179185171081
-3.5 4.800000000000001 -0.6000000000000001 2.0525072003453317 -1.6231562043547265 -0.8901179185171081
0.8 3.6 -3 1.7523105690023069 -1.413716694115407 -0.04014257279586958
0.8 3.6 -3 1.7523105690023069 -1.413716694115407 -0.04014257279586958
0.8 3.6 -3 1.7523105690023069 -1.413716694115407 -0.04014257279586958
0.8 3.6 -3 1.7523105690023069 -1.413716694115407 -0.04014257279586958
5.9 2.2 -2.5 1.059414855960558 -1.0821041362364843 0.38048177693476387
5.9 2.2 -2.5 1.059414855960558 -1.0821041362364843 0.38048177693476387
5.9 2.2 -2.5 1.059414855960558 -1.0821041362364843 0.38048177693476387
6 1.3 -0.5 0.6928957130417488 -0.9093165402890457 0.20420352248333656
6 1.3 -0.5 0.6928957130417488 -0.9093165402890457 0.20420352248333656
6 1.3 -0.5 0.6928957130417488 -0.9093165402890457 0.20420352248333656
6 1.3 -0.5 0.6928957130417488 -0.9093165402890457 0.20420352248333656
6 1.3 -0.5 0.6928957130417488 -0.9093165402890457 0.20420352248333656
6 1.3 -0.5 0.6928957130417488 -0.9093165402890457 0.20420352248333656
6 1.3 -0.5 0.6928957130417488 -0.9093165402890457 0.20420352248333656
4.2 0.2 0.1 0.7260569688296411 -0.6387905062299246 0.18500490071139894
4.2 0.2 0.1 0.7260569688296411 -0.6387905062299246 0.18500490071139894
4.2 0.2 0.1 0.7260569688296411 -0.6387905062299246 0.18500490071139894
4 -0.7000000000000001 -1.5 0.8203047484373349 -0.3700098014227979 0.23387411976724015
4 -0.7000000000000001 -1.5 0.8203047484373349 -0.3700098014227979 0.23387411976724015
4 -0.7000000000000001 -1.5 0.8203047484373349 -0.3700098014227979 0.23387411976724015
5.5 -1.7000000000000002 -2.5 0.6894050545377602 -0.022689280275926284 0.14486232791552936
5.5 -1.7000000000000002 -2.5 0.6894050545377602 -0.022689280275926284 0.14486232791552936
5.5 -1.7000000000000002 -2.5 0.6894050545377602 -0.022689280275926284 0.14486232791552936
5.5 -1.7000000000000002 -2.5 0.6894050545377602 -0.022689280275926284 0.14486232791552936
3.9000000000000004 -2.7 -3.6 0.4276056667386107 0.19198621771937627 -0.16929693744344998
3.9000000000000004 -2.7 -3.6 0.4276056667386107 0.19198621771937627 -0.16929693744344998
3.9000000000000004 -2.7 -3.6 0.4276056667386107 0.19198621771937627 -0.16929693744344998
2.1 -3.3000000000000003 -4.2 0.048869219055841226 0.34732052114687156 -0.1466076571675237
2.1 -3.3000000000000003 -4.2 0.048869219055841226 0.34732052114687156 -0.1466076571675237
2.1 -3.3000000000000003 -4.2 0.048869219055841226 0.34732052114687156 -0.1466076571675237
2.1 -3.3000000000000003 -4.2 0.048869219055841226 0.34732052114687156 -0.1466076571675237
2.1 -3.3000000000000003 -4.2 0.048869219055841226 0.34732052114687156 -0.1466076571675237
2.1 -3.3000000000000003 -4.2 0.048869219055841226 0.34732052114687156 -0.1466076571675237
2.1 -3.3000000000000003 -4.2 0.048869219055841226 0.34732052114687156 -0.1466076571675237
3 -3.9000000000000004 -4.7 -0.32812189937493397 0.41538836197465046 -0.06806784082777885
3 -3.9000000000000004 -4.7 -0.32812189937493397 0.41538836197465046 -0.06806784082777885
3 -3.9000000000000004 -4.7 -0.32812189937493397 0.41538836197465046 -0.06806784082777885
3 -3.9000000000000004 -4.7 -0.32812189937493397 0.41538836197465046 -0.06806784082777885
2.1 -3.1 -5.5 -0.8220500776893293 0.4241150082346221 -0.022689280275926284
2.1 -3.1 -5.5 -0.8220500776893293 0.4241150082346221 -0.022689280275926284
2.7 -2.4000000000000004 -4.800000000000001 -1.4922565104551517 0.6562437987498679 0.25656340004316647
2.7 -2.4000000000000004 -4.800000000000001 -1.4922565104551517 0.6562437987498679 0.25656340004316647
2.7 -2.4000000000000004 -4.800000000000001 -1.4922565104551517 0.6562437987498679 0.25656340004316647
3.1 -2 -2.3000000000000003 -1.890191579909859 0.8290313946973066 0.3752457891787809
3.1 -2 -2.3000000000000003 -1.890191579909859 0.8290313946973066 0.3752457891787809
3.1 -2 -2.3000000000000003 -1.890191579909859 0.8290313946973066 0.3752457891787809
3.1 -2 -2.3000000000000003 -1.890191579909859 0.8290313946973066 0.3752457891787809
0.7000000000000001 -0.8 -1.6 -1.9076448724298023 0.8185594191853406 0.3717551306747922
0.7000000000000001 -0.8 -1.6 -1.9076448724298023 0.8185594191853406 0.3717551306747922
0.7000000000000001 -0.8 -1.6 -1.9076448724298023 0.8185594191853406 0.3717551306747922
0.7000000000000001 -0.8 -1.6 -1.9076448724298023 0.8185594191853406 0.3717551306747922
0.7000000000000001 -0.8 -1.6 -1.9076448724298023 0.8185594191853406 0.3717551306747922
0.7000000000000001 -0.8 -1.6 -1.9076448724298023 0.8185594191853406 0.3717551306747922
0.7000000000000001 -0.8 -1.6 -1.9076448724298023 0.8185594191853406 0.3717551306747922
-3.1 0.30000000000000004 -2.1 -1.942551457469689 0.7714355293814937 0.5410520681182421
-3.1 0.30000000000000004 -2.1 -1.942551457469689 0.7714355293814937 0.5410520681182421
-3.1 0.30000000000000004 -2.1 -1.942551457469689 0.7714355293814937 0.5410520681182421
-6.5 1.4000000000000001 -2.3000000000000003 -2.2078415037728267 0.7976154681614086 0.9773843811168246
-6.5 1.4000000000000001 -2.3000000000000003 -2.2078415037728267 0.7976154681614086 0.9773843811168246
-6.5 1.4000000000000001 -2.3000000000000003 -2.2078415037728267 0.7976154681614086 0.9773843811168246
-9 2.3000000000000003 -1.9000000000000001 -2.66860842629933 0.7958701389094143 1.4643312424232424
-9 2.3000000000000003 -1.9000000000000001 -2.66860842629933 0.7958701389094143 1.4643312424232424
-9 2.3000000000000003 -1.9000000000000001 -2.66860842629933 0.7958701389094143 1.4643312424232424
-9 2.3000000000000003 -1.9000000000000001 -2.66860842629933 0.7958701389094143 1.4643312424232424
-11.9 4.4 -0.30000000000000004 -3.1590459461097367 0.6981317007977318 1.6894787159305111
-11.9 4.4 -0.30000000000000004 -3.1590459461097367 0.6981317007977318 1.6894787159305111
-11.9 4.4 -0.30000000000000004 -3.1590459461097367 0.6981317007977318 1.6894787159305111
-11.9 4.4 -0.30000000000000004 -3.1590459461097367 0.6981317007977318 1.6894787159305111
-11.9 4.4 -0.30000000000000004 -3.1590459461097367 0.6981317007977318 1.6894787159305111
-11.9 4.4 -0.30000000000000004 -3.1590459461097367 0.6981317007977318 1.6894787159305111
-15.3 6 3.1 -3.143337982841788 0.8395033702092726 1.890191579909859
-15.3 6 3.1 -3.143337982841788 0.8395033702092726 1.890191579909859
-15.3 6 3.1 -3.143337982841788 0.8395033702092726 1.890191579909859
-15.3 6 3.1 -3.143337982841788 0.8395033702092726 1.890191579909859
-16.6 8.5 2.7 -2.0682151636132806 0.4537856055185257 2.3928464044842257
-16.6 8.5 2.7 -2.0682151636132806 0.4537856055185257 2.3928464044842257
-16.6 8.5 2.7 -2.0682151636132806 0.4537856055185257 2.3928464044842257
-15.4 10.5 -3.5 -1.2950343049797925 -0.012217304763960306 2.7139869868511823
-15.4 10.5 -3.5 -1.2950343049797925 -0.012217304763960306 2.7139869868511823
-15.4 10.5 -3.5 -1.2950343049797925 -0.012217304763960306 2.7139869868511823
-15.4 10.5 -3.5 -1.2950343049797925 -0.012217304763960306 2.7139869868511823
-15.4 10.5 -3.5 -1.2950343049797925 -0.012217304763960306 2.7139869868511823
-15.4 10.5 -3.5 -1.2950343049797925 -0.012217304763960306 2.7139869868511823
-15.4 10.5 -3.5 -1.2950343049797925 -0.012217304763960306 2.7139869868511823
-14.100000000000001 11.8 -6.300000000000001 -1.9024088846738192 0.33161255787892263 2.6022859147235455
-14.100000000000001 11.8 -6.300000000000001 -1.9024088846738192 0.33161255787892263 2.6022859147235455
-14.100000000000001 11.8 -6.300000000000001 -1.9024088846738192 0.33161255787892263 2.6022859147235455
-12.4 12.600000000000001 -4.9 -1.9024088846738192 0.33161255787892263 2.6022859147235455
-12.4 12.600000000000001 -4.9 -1.9024088846738192 0.33161255787892263 2.6022859147235455
-12.4 12.600000000000001 -4.9 -1.9024088846738192 0.33161255787892263 2.6022859147235455
-11.600000000000001 14.200000000000001 -5.9 -1.8046704465621368 -0.19373154697137057 2.441715623540067
-11.600000000000001 14.200000000000001 -5.9 -1.8046704465621368 -0.19373154697137057 2.441715623540067
-11.600000000000001 14.200000000000001 -5.9 -1.8046704465621368 -0.19373154697137057 2.441715623540067
-11.600000000000001 14.200000000000001 -5.9 -1.8046704465621368 -0.19373154697137057 2.441715623540067
-9.600000000000001 14.5 -7.5 -2.0821777976292353 -0.14486232791552936 2.281145332356589
-9.600000000000001 14.5 -7.5 -2.0821777976292353 -0.14486232791552936 2.281145332356589
-9.600000000000001 14.5 -7.5 -2.0821777976292353 -0.14486232791552936 2.281145332356589
-8.1 13.200000000000001 -5.5 -2.816961412718848 0.3351032163829113 1.970476725501598
-8.1 13.200000000000001 -5.5 -2.816961412718848 0.3351032163829113 1.970476725501598
-8.1 13.200000000000001 -5.5 -2.816961412718848 0.3351032163829113 1.970476725501598
-6.6000000000000005 12.200000000000001 0.30000000000000004 -2.960078411382383 0.5724679946541401 1.6772614111665507
-6.6000000000000005 12.200000000000001 0.30000000000000004 -2.960078411382383 0.5724679946541401 1.6772614111665507
-6.6000000000000005 12.200000000000001 0.30000000000000004 -2.960078411382383 0.5724679946541401 1.6772614111665507
-6.6000000000000005 12.200000000000001 0.30000000000000004 -2.960078411382383 0.5724679946541401 1.6772614111665507
-6.6000000000000005 12.200000000000001 0.30000000000000004 -2.960078411382383 0.5724679946541401 1.6772614111665507
-6.6000000000000005 12.200000000000001 0.30000000000000004 -2.960078411382383 0.5724679946541401 1.6772614111665507
-6.6000000000000005 12.200000000000001 0.30000000000000004 -2.960078411382383 0.5724679946541401 1.6772614111665507
-4.800000000000001 11.600000000000001 1.3 -2.1467549799530254 0.04363323129985824 1.3840460968315034
-4.800000000000001 11.600000000000001 1.3 -2.1467549799530254 0.04363323129985824 1.3840460968315034
-4.800000000000001 11.600000000000001 1.3 -2.1467549799530254 0.04363323129985824 1.3840460968315034
-4 11.100000000000001 0.4 -1.5795229730548683 -0.12566370614359174 1.069886831472524
-4 11.100000000000001 0.4 -1.5795229730548683 -0.12566370614359174 1.069886831472524
-4 11.100000000000001 0.4 -1.5795229730548683 -0.12566370614359174 1.069886831472524
-4 11.100000000000001 0.4 -1.5795229730548683 -0.12566370614359174 1.069886831472524
-4.4 11.100000000000001 0.2 -1.4556045961632709 -0.13788101090755203 0.7260569688296411
-4.4 11.100000000000001 0.2 -1.4556045961632709 -0.13788101090755203 0.7260569688296411
-4.4 11.100000000000001 0.2 -1.4556045961632709 -0.13788101090755203 0.7260569688296411
-5.300000000000001 9.8 -0.30000000000000004 -1.5009831567151235 0.14486232791552936 0.5986479334340551
