1.9000000000000001 9.3 0.9 0.32812189937493397 -0.5358160803622591 -0.09773843811168245
1.6 9.5 0.30000000000000004 0.23212879051524585 -0.4468042885105484 -0.06632251157578452
2.4000000000000004 9.1 1.2000000000000002 0.23212879051524585 -0.4468042885105484 -0.06632251157578452
2.4000000000000004 9.1 1.2000000000000002 0.0890117918517108 -0.31066860685499065 0.013962634015954637
2.4000000000000004 9.1 1.2000000000000002 0.0890117918517108 -0.31066860685499065 0.013962634015954637
2.5 9.1 1.2000000000000002 0.10122909661567112 -0.16231562043547265 -0.027925268031909273
2.5 9.1 1.2000000000000002 0.11344640137963143 -0.15533430342749532 -0.048869219055841226
2.6 9.1 1.5 0.11344640137963143 -0.15533430342749532 -0.048869219055841226
2.7 9.1 1.8 0.18500490071139894 -0.2775073510670984 -0.06283185307179587
2.7 9.1 1.8 0.18500490071139894 -0.2775073510670984 -0.06283185307179587
2.6 9.1 1.9000000000000001 0.2775073510670984 -0.33859387488689996 -0.05585053606381855
2.6 9.1 1.9000000000000001 0.2775073510670984 -0.33859387488689996 -0.05585053606381855
2.5 9 1.7000000000000002 0.2775073510670984 -0.33859387488689996 -0.05585053606381855
2.5 9 1.7000000000000002 0.37350045992678654 -0.3769911184307752 -0.017453292519943295
2.5 9 1.7000000000000002 0.37350045992678654 -0.3769911184307752 -0.017453292519943295
2.8000000000000003 9.1 1 0.38397243543875254 -0.2844886680750757 0.03665191429188092
2.8000000000000003 9.1 1 0.2932153143350474 -0.26529004630313807 0.03665191429188092
3.1 9.1 0.8 0.2932153143350474 -0.26529004630313807 0.03665191429188092
3.2 9.1 1 0.21293016874330822 -0.26878070480712674 -0.008726646259971648
3.2 9.1 1 0.21293016874330822 -0.26878070480712674 -0.008726646259971648
3.2 9.1 1 0.20420352248333656 -0.23736477827122882 -0.04537856055185257
3.1 9.1 1 0.23561944901923448 -0.23038346126325152 -0.05759586531581288
3.1 9.1 1 0.27576202181510406 -0.32637657012293964 -0.08726646259971647
2.9000000000000004 9.1 0.8 0.27576202181510406 -0.32637657012293964 -0.08726646259971647
2.8000000000000003 9.200000000000001 0.6000000000000001 0.3001966313430247 -0.3560471674068432 -0.10122909661567112
2.8000000000000003 9.200000000000001 0.6000000000000001 0.3001966313430247 -0.3560471674068432 -0.10122909661567112
2.6 9.3 0.5 0.32288591161895097 -0.36826447217080355 -0.09250245035569947
2.6 9.3 0.5 0.32288591161895097 -0.36826447217080355 -0.09250245035569947
2.9000000000000004 9.3 0.30000000000000004 0.32288591161895097 -0.36826447217080355 -0.09250245035569947
2.9000000000000004 9.3 0.30000000000000004 0.32114058236695664 -0.3560471674068432 -0.07330382858376185
2.9000000000000004 9.3 0.30000000000000004 0.32114058236695664 -0.3560471674068432 -0.07330382858376185
3 9.3 0.4 0.34557519189487723 -0.3769911184307752 -0.1466076571675237
3 9.3 0.4 0.38397243543875254 -0.5358160803622591 -0.1954768762233649
2.5 9.4 0.6000000000000001 0.38397243543875254 -0.5358160803622591 -0.1954768762233649
2.2 9.4 0.8 0.5061454830783556 -0.6265732014659643 -0.1710422666954443
2.2 9.4 0.8 0.5061454830783556 -0.6265732014659643 -0.1710422666954443
1.8 9.5 1 0.7278022980816354 -0.8237954069413236 -0.13439035240356337
1.8 9.5 1 0.7278022980816354 -0.8237954069413236 -0.13439035240356337
1.7000000000000002 9.700000000000001 1.8 0.7278022980816354 -0.8237954069413236 -0.13439035240356337
1.7000000000000002 9.700000000000001 1.8 1.1309733552923256 -1.2269664641520137 -0.0890117918517108
1.7000000000000002 9.700000000000001 1.8 1.1309733552923256 -1.2269664641520137 -0.0890117918517108
0.4 9.700000000000001 2.6 1.816887751326097 -1.65282680163863 -0.059341194567807204
0.4 9.700000000000001 2.6 2.754129559647052 -2.0734511513692637 0.11344640137963143
-0.4 9.200000000000001 1.8 2.754129559647052 -2.0734511513692637 0.11344640137963143
-0.6000000000000001 8.8 -1.6 2.754129559647052 -2.0734511513692637 0.11344640137963143
-0.6000000000000001 8.8 -1.6 3.611086222376268 -2.5551620249196985 0.29670597283903605
-0.6000000000000001 8.8 -1.6 3.611086222376268 -2.5551620249196985 0.29670597283903605
-0.6000000000000001 8.8 -1.6 3.9269908169872414 -2.6616271092913526 0.2722713633111154
-0.8 8.8 -6.5 3.9269908169872414 -2.6616271092913526 0.2722713633111154
-0.8 8.8 -6.5 3.9269908169872414 -2.6616271092913526 0.2722713633111154
-0.8 8.8 -6.5 3.0264009229581674 -1.8116517635701141 0.04363323129985824
-4.4 9.8 -8.200000000000001 3.0264009229581674 -1.8116517635701141 0.04363323129985824
-4.4 9.8 -8.200000000000001 2.9059732045705586 -1.6074482410867776 0.059341194567807204
-6.800000000000001 10 -6.800000000000001 2.9059732045705586 -1.6074482410867776 0.059341194567807204
-8.3 9.5 -6.800000000000001 2.8605946440187062 -1.5533430342749532 0.13788101090755203
-8.3 9.5 -6.800000000000001 2.8605946440187062 -1.5533430342749532 0.13788101090755203
-8.3 9.5 -6.800000000000001 3.014183618194207 -1.5969762655748116 0.46076692252650303
-8.3 9.5 -6.800000000000001 3.1119220563058896 -1.3753194505715318 0.9564404300928926
-6.4 8.5 -8.200000000000001 3.1119220563058896 -1.3753194505715318 0.9564404300928926
-3.9000000000000004 8 -9 2.9199358385865133 -0.7365289443416071 1.0559241974565694
-3.9000000000000004 8 -9 2.9199358385865133 -0.7365289443416071 1.0559241974565694
-3 7.4 -8 2.663372438543347 -0.7941248096574199 0.9948376736367679
-3 7.4 -8 2.663372438543347 -0.7941248096574199 0.9948376736367679
-3.6 6.1000000000000005 -8.1 2.663372438543347 -0.7941248096574199 0.9948376736367679
-3.6 6.1000000000000005 -8.1 2.642428487519415 -1.1536626355682518 0.9616764178488756
-3.6 6.1000000000000005 -8.1 2.642428487519415 -1.1536626355682518 0.9616764178488756
-3.8000000000000003 4.5 -7.800000000000001 2.56388867117967 -0.9738937226128359 1.3316862192716734
-3.8000000000000003 4.5 -7.800000000000001 2.572615317439642 -0.6038839211900381 1.942551457469689
-0.5 2.9000000000000004 -7.7 2.572615317439642 -0.6038839211900381 1.942551457469689
5.2 1 -8.700000000000001 2.4486969405480443 -0.773180858633488 2.129301687433082
5.2 1 -8.700000000000001 2.4486969405480443 -0.773180858633488 2.129301687433082
6.6000000000000005 -0.2 -7.1000000000000005 2.0943951023931957 -0.35255650890285456 1.9669860669976094
6.6000000000000005 -0.2 -7.1000000000000005 2.0943951023931957 -0.35255650890285456 1.9669860669976094
6.2 -0.8 -3.8000000000000003 2.0943951023931957 -0.35255650890285456 1.9669860669976094
6.2 -0.8 -3.8000000000000003 2.075196480621258 -0.3665191429188092 2.1205750411731104
6.2 -0.8 -3.8000000000000003 2.075196480621258 -0.3665191429188092 2.1205750411731104
9.4 -1.9000000000000001 -5.2 2.5324727446437723 -0.38746309394274114 2.5534166956677042
9.4 -1.9000000000000001 -5.2 2.419026343264141 -0.29146998508305305 2.5342180738957665
13 -1.9000000000000001 -9.200000000000001 2.419026343264141 -0.29146998508305305 2.5342180738957665
15 -1.7000000000000002 -10.100000000000001 1.7558012275062955 -0.11344640137963143 1.9966566642815131
15 -1.7000000000000002 -10.100000000000001 1.7558012275062955 -0.11344640137963143 1.9966566642815131
16.400000000000002 -0.9 -11.100000000000001 1.0245082709206714 0.14835298641951802 1.3089969389957472
16.400000000000002 -0.9 -11.100000000000001 1.0245082709206714 0.14835298641951802 1.3089969389957472
15.8 -0.5 -12.3 1.0245082709206714 0.14835298641951802 1.3089969389957472
15.8 -0.5 -12.3 0.04014257279586958 0.2984513020910304 0.41015237421866746
15.8 -0.5 -12.3 0.04014257279586958 0.2984513020910304 0.41015237421866746
14.8 -0.9 -11 -1.1205013797803596 0.6789330790257943 -0.5340707511102648
14.8 -0.9 -11 -2.0088739690454736 0.6963863715457375 -1.3526301702956054
12.700000000000001 -1.9000000000000001 -9.4 -2.0088739690454736 0.6963863715457375 -1.3526301702956054
10.200000000000001 -2.3000000000000003 -8.1 -2.6546457922833753 0.9721483933608416 -1.858775653373961
10.200000000000001 -2.3000000000000003 -8.1 -2.6546457922833753 0.9721483933608416 -1.858775653373961
9.5 -2.2 -7.800000000000001 -3.118903373313867 1.2915436464758039 -2.0472712125893486
9.5 -2.2 -7.800000000000001 -3.118903373313867 1.2915436464758039 -2.0472712125893486
10 -2.1 -8 -3.118903373313867 1.2915436464758039 -2.0472712125893486
10 -2.1 -8 -3.4924038332406537 1.8971728969178363 -2.2724186860966173
10 -2.1 -8 -3.4924038332406537 1.8971728969178363 -2.2724186860966173
6.9 -0.6000000000000001 -8.4 -3.7873644768276953 2.4347343065320897 -2.4923301718479025
6.9 -0.6000000000000001 -8.4 -4.1643555952584705 2.6162485487395 -2.343977185428385
5.300000000000001 0.7000000000000001 -8.700000000000001 -4.1643555952584705 2.6162485487395 -2.343977185428385
4.1000000000000005 1.9000000000000001 -7.300000000000001 -4.600687908257052 3.3964107243809654 -2.1310470166850766
4.1000000000000005 1.9000000000000001 -7.300000000000001 -4.600687908257052 3.3964107243809654 -2.1310470166850766
1.8 3.3000000000000003 -4.800000000000001 -4.749040894676571 4.211479485062317 -2.075196480621258
1.8 3.3000000000000003 -4.800000000000001 -4.749040894676571 4.211479485062317 -2.075196480621258
-0.6000000000000001 5.4 -0.4 -4.749040894676571 4.211479485062317 -2.075196480621258
-0.6000000000000001 5.4 -0.4 -4.214970143566306 4.120722363958612 -1.9181168479417683
-0.6000000000000001 5.4 -0.4 -4.214970143566306 4.120722363958612 -1.9181168479417683
-1 7.5 -1.4000000000000001 -3.1468286413457762 3.040363556974122 -1.4748032179352084
-1 7.5 -1.4000000000000001 -3.1468286413457762 3.040363556974122 -1.4748032179352084
-0.9 8.700000000000001 -0.8 -3.1468286413457762 3.040363556974122 -1.4748032179352084
-0.9 8.700000000000001 -0.8 -2.3527038316883564 2.2497294058206907 -1.1885692206081384
-0.9 8.700000000000001 -0.8 -2.3527038316883564 2.2497294058206907 -1.1885692206081384
