2.3000000000000003 8.9 2.6 0.03490658503988659 0.019198621771937624 -0.048869219055841226
2.1 8.9 2.2 0.04188790204786391 0.015707963267948967 -0.04537856055185257
2.1 8.9 2.2 0.04188790204786391 0.015707963267948967 -0.04537856055185257
2 8.9 2.2 -0.05061454830783556 -0.13089969389957473 0.012217304763960306
2.5 9 2.6 -0.09773843811168245 -0.03665191429188092 0.048869219055841226
2.5 9 2.6 -0.09773843811168245 -0.03665191429188092 0.048869219055841226
2.6 8.9 2.9000000000000004 -0.10995574287564276 -0.003490658503988659 0.024434609527920613
2.6 8.9 2.9000000000000004 -0.10995574287564276 -0.003490658503988659 0.024434609527920613
2.5 8.9 3.1 -0.06283185307179587 -0.024434609527920613 -0.0017453292519943296
2.5 8.9 3.1 -0.06283185307179587 -0.024434609527920613 -0.0017453292519943296
2.5 8.9 3.1 -0.06283185307179587 -0.024434609527920613 -0.0017453292519943296
2.4000000000000004 8.9 3 -0.003490658503988659 -0.04363323129985824 0
2.4000000000000004 8.9 3 -0.003490658503988659 -0.04363323129985824 0
2.5 8.9 2.9000000000000004 0.031415926535897934 -0.0645771823237902 0.006981317007977318
2.5 9 2.7 0.020943951023931956 -0.054105206811824215 -0.0017453292519943296
2.5 9 2.7 0.020943951023931956 -0.054105206811824215 -0.0017453292519943296
2.5 9 2.7 -0.017453292519943295 -0.003490658503988659 -0.012217304763960306
2.5 9 2.7 -0.017453292519943295 -0.003490658503988659 -0.012217304763960306
2.5 9 2.7 -0.017453292519943295 -0.003490658503988659 -0.012217304763960306
2.5 8.9 2.9000000000000004 -0.03316125578789226 0.0017453292519943296 -0.019198621771937624
2.5 8.9 2.9000000000000004 -0.03316125578789226 0.0017453292519943296 -0.019198621771937624
2.5 8.9 3 -0.006981317007977318 -0.022689280275926284 -0.022689280275926284
2.5 8.9 3 -0.006981317007977318 -0.022689280275926284 -0.022689280275926284
2.5 8.9 2.8000000000000003 0.020943951023931956 -0.031415926535897934 -0.020943951023931956
2.4000000000000004 9 2.8000000000000003 0.020943951023931956 -0.031415926535897934 -0.020943951023931956
2.4000000000000004 9 2.8000000000000003 0.020943951023931956 -0.031415926535897934 -0.020943951023931956
2.4000000000000004 9 2.8000000000000003 0.03316125578789226 -0.054105206811824215 -0.017453292519943295
2.4000000000000004 9 2.8000000000000003 0.03316125578789226 -0.054105206811824215 -0.017453292519943295
2.3000000000000003 9 2.8000000000000003 0.05061454830783556 -0.07155849933176751 -0.017453292519943295
2.3000000000000003 9 2.7 0.0767944870877505 -0.11344640137963143 -0.010471975511965978
2.3000000000000003 9 2.7 0.0767944870877505 -0.11344640137963143 -0.010471975511965978
2.2 9.1 2.4000000000000004 0.07853981633974483 -0.13089969389957473 -0.010471975511965978
2.2 9.1 2.4000000000000004 0.07853981633974483 -0.13089969389957473 -0.010471975511965978
2.2 9.1 2.3000000000000003 0.027925268031909273 -0.08552113334772216 -0.012217304763960306
2.3000000000000003 9.1 2.3000000000000003 0.027925268031909273 -0.08552113334772216 -0.012217304763960306
2.3000000000000003 9.1 2.3000000000000003 0.027925268031909273 -0.08552113334772216 -0.012217304763960306
2.3000000000000003 9.1 2.3000000000000003 -0.03490658503988659 -0.024434609527920613 -0.027925268031909273
2.3000000000000003 9.1 2.3000000000000003 -0.03490658503988659 -0.024434609527920613 -0.027925268031909273
2.1 9.1 2.6 -0.07330382858376185 0 -0.04188790204786391
2.1 9.1 2.8000000000000003 -0.07330382858376185 -0.003490658503988659 -0.029670597283903602
2.1 9.1 2.8000000000000003 -0.07330382858376185 -0.003490658503988659 -0.029670597283903602
2.2 9.1 2.9000000000000004 -0.048869219055841226 -0.019198621771937624 -0.024434609527920613
2.2 9.1 2.9000000000000004 -0.048869219055841226 -0.019198621771937624 -0.024434609527920613
2.2 9.1 2.9000000000000004 -0.015707963267948967 -0.026179938779914945 -0.022689280275926284
2.2 9.1 2.9000000000000004 -0.015707963267948967 -0.026179938779914945 -0.022689280275926284
2.2 9.1 2.9000000000000004 -0.015707963267948967 -0.026179938779914945 -0.022689280275926284
2.1 9.1 2.8000000000000003 0.008726646259971648 -0.026179938779914945 -0.013962634015954637
2.1 9.1 2.8000000000000003 0.008726646259971648 -0.026179938779914945 -0.013962634015954637
2.3000000000000003 9 2.8000000000000003 0.017453292519943295 -0.017453292519943295 0.003490658503988659
2.4000000000000004 9.1 2.8000000000000003 0.012217304763960306 -0.010471975511965978 0
2.4000000000000004 9.1 2.8000000000000003 0.012217304763960306 -0.010471975511965978 0
2.4000000000000004 9 2.9000000000000004 0.003490658503988659 0.006981317007977318 -0.017453292519943295
2.4000000000000004 9 2.9000000000000004 0.003490658503988659 0.006981317007977318 -0.017453292519943295
2.2 9.1 2.9000000000000004 0.003490658503988659 0.03316125578789226 -0.015707963267948967
2.2 9.1 2.9000000000000004 0.003490658503988659 0.03316125578789226 -0.015707963267948967
2.2 9.1 2.9000000000000004 0.003490658503988659 0.03316125578789226 -0.015707963267948967
2.4000000000000004 8.9 2.9000000000000004 0.027925268031909273 0.03839724354387525 -0.005235987755982989
2.4000000000000004 8.9 2.9000000000000004 0.027925268031909273 0.03839724354387525 -0.005235987755982989
2.4000000000000004 8.9 2.7 0.05585053606381855 0.020943951023931956 -0.010471975511965978
2.2 9 2.4000000000000004 0.061086523819801536 -0.020943951023931956 -0.019198621771937624
2.2 9 2.4000000000000004 0.061086523819801536 -0.020943951023931956 -0.019198621771937624
2 9.1 2 0.05585053606381855 -0.09075712110370514 -0.03839724354387525
2 9.1 2 0.05585053606381855 -0.09075712110370514 -0.03839724354387525
1.2000000000000002 10.4 1.4000000000000001 -0.003490658503988659 -0.1361356816555577 -0.06981317007977318
1.2000000000000002 10.4 1.4000000000000001 -0.003490658503988659 -0.1361356816555577 -0.06981317007977318
1.2000000000000002 10.4 1.4000000000000001 -0.003490658503988659 -0.1361356816555577 -0.06981317007977318
-1.1 14 1.9000000000000001 0.017453292519943295 -0.10471975511965978 -0.11519173063162576
-1.1 14 1.9000000000000001 0.017453292519943295 -0.10471975511965978 -0.11519173063162576
-3.7 19.400000000000002 2.3000000000000003 0.4782202150464463 -0.0942477796076938 -0.0767944870877505
-5.4 24.8 0.6000000000000001 1.171115928088195 -0.3752457891787809 -0.24085543677521748
-5.4 24.8 0.6000000000000001 1.171115928088195 -0.3752457891787809 -0.24085543677521748
-6 24.900000000000002 -2 1.6283921921107094 -0.5427973973702365 -0.7155849933176751
-6 24.900000000000002 -2 1.6283921921107094 -0.5427973973702365 -0.7155849933176751
-5.4 21.6 -5.300000000000001 1.848303677861995 -0.3368485456349056 -1.1030480872604163
-5.4 21.6 -5.300000000000001 1.848303677861995 -0.3368485456349056 -1.1030480872604163
-5.4 21.6 -5.300000000000001 1.848303677861995 -0.3368485456349056 -1.1030480872604163
-5.4 16.900000000000002 -8.1 1.398008730847458 0.0942477796076938 -1.4014993893514467
-5.4 16.900000000000002 -8.1 1.398008730847458 0.0942477796076938 -1.4014993893514467
-4.800000000000001 11.4 -7.1000000000000005 0.3246312408709453 0.42062434973063345 -1.3229595730117019
-2.7 5.7 -3.8000000000000003 -0.5934119456780721 0.1884955592153876 -1.1152653920243767
-2.7 5.7 -3.8000000000000003 -0.5934119456780721 0.1884955592153876 -1.1152653920243767
-0.4 0.4 0.7000000000000001 -1.0786134777324956 -0.5166174585903216 -0.6527531402458793
-0.4 0.4 0.7000000000000001 -1.0786134777324956 -0.5166174585903216 -0.6527531402458793
4.4 -5.6000000000000005 5.800000000000001 -0.8045967851693859 -1.65282680163863 0.11519173063162576
4.4 -5.6000000000000005 5.800000000000001 -0.8045967851693859 -1.65282680163863 0.11519173063162576
4.4 -5.6000000000000005 5.800000000000001 -0.8045967851693859 -1.65282680163863 0.11519173063162576
10.5 -9.3 8.8 -0.11344640137963143 -2.8640853025226947 1.2985249634837812
10.5 -9.3 8.8 -0.11344640137963143 -2.8640853025226947 1.2985249634837812
23.3 -9 11.3 -0.03316125578789226 -2.939134460358451 2.764601535159018
41.5 -12.100000000000001 18.5 -0.03316125578789226 -2.939134460358451 2.764601535159018
41.5 -12.100000000000001 18.5 -0.03316125578789226 -2.939134460358451 2.764601535159018
41.5 -12.100000000000001 18.5 -0.38048177693476387 -1.8535396656179781 3.2114058236695664
41.5 -12.100000000000001 18.5 -0.38048177693476387 -1.8535396656179781 3.2114058236695664
41.2 -12.3 18.5 0.30194196059501904 0.312413936106985 0.5532693728822025
13.9 -5.4 9.600000000000001 1.7400932642383466 1.9373154697137058 -1.715658654710426
13.9 -5.4 9.600000000000001 1.7400932642383466 1.9373154697137058 -1.715658654710426
2.7 -0.6000000000000001 -0.7000000000000001 1.6266468628587152 1.0018189906447452 -0.9738937226128359
2.7 -0.6000000000000001 -0.7000000000000001 1.6266468628587152 1.0018189906447452 -0.9738937226128359
0.4 5.4 -7.2 0.05061454830783556 1.1536626355682518 -0.10821041362364843
0.4 5.4 -7.2 0.05061454830783556 1.1536626355682518 -0.10821041362364843
0.4 5.4 -7.2 0.05061454830783556 1.1536626355682518 -0.10821041362364843
-2.5 10.5 -6.4 -2.3806290997202657 2.626720524251466 0.06283185307179587
-2.5 10.5 -6.4 -2.3806290997202657 2.626720524251466 0.06283185307179587
-4.4 14.8 8.200000000000001 -3.427826650916863 2.8047441079548876 0.22863813201125718
-5.7 18.1 10 -1.3404128655316452 0.8063421144213803 0.3560471674068432
-5.7 18.1 10 -1.3404128655316452 0.8063421144213803 0.3560471674068432
-5 17.900000000000002 -1.4000000000000001 0.4799655442984406 -0.7888888219014369 0.3560471674068432
-5 17.900000000000002 -1.4000000000000001 0.4799655442984406 -0.7888888219014369 0.3560471674068432
-5 19.1 -4.4 0.27401669256310973 -0.8429940287132612 0.2932153143350474
-3.4000000000000004 17.400000000000002 -5.4 0.27401669256310973 -0.8429940287132612 0.2932153143350474
-3.4000000000000004 17.400000000000002 -5.4 0.27401669256310973 -0.8429940287132612 0.2932153143350474
-3.4000000000000004 17.400000000000002 -5.4 0.12566370614359174 -0.5515240436302081 0.25132741228718347
-3.4000000000000004 17.400000000000002 -5.4 0.12566370614359174 -0.5515240436302081 0.25132741228718347
-2.8000000000000003 15.100000000000001 -7.2 -0.18500490071139894 -0.630063859969953 0.15533430342749532
-1.8 13.200000000000001 -5.5 -1.0454522219446034 -0.30543261909900765 0.20943951023931956
-1.8 13.200000000000001 -5.5 -1.0454522219446034 -0.30543261909900765 0.20943951023931956
-1.1 11.700000000000001 -1 -1.747074581246324 0.5131268000863329 0.3246312408709453
-1.1 11.700000000000001 -1 -1.747074581246324 0.5131268000863329 0.3246312408709453
0.4 10.600000000000001 2.9000000000000004 -1.8622663118779497 0.9669124056048586 0.4415683007545654
0.4 10.600000000000001 2.9000000000000004 -1.8622663118779497 0.9669124056048586 0.4415683007545654
0.4 10.600000000000001 2.9000000000000004 -1.8622663118779497 0.9669124056048586 0.4415683007545654
1.9000000000000001 9.9 7 -1.488765851951163 0.9791297103688189 0.3961897402027128
1.9000000000000001 9.9 7 -1.488765851951163 0.9791297103688189 0.3961897402027128
2.8000000000000003 9.600000000000001 9 -0.5427973973702365 0.19024088846738194 0.2530727415391778
2.1 9.5 6.300000000000001 0.4084070449666731 -0.47123889803846897 0.13264502315156904
