2.5 8.3 2.4000000000000004 0.6649704450098396 0.11519173063162576 -0.2792526803190927
1.6 8.5 1.4000000000000001 0.5497787143782138 0.05759586531581288 -0.32812189937493397
1.6 8.5 1.4000000000000001 0.5497787143782138 0.05759586531581288 -0.32812189937493397
2.1 8.700000000000001 2.2 0.23736477827122882 -0.33335788713091696 -0.1780235837034216
2.1 8.700000000000001 2.2 0.23736477827122882 -0.33335788713091696 -0.1780235837034216
2.5 8.9 3.5 0.23212879051524585 -0.1884955592153876 -0.21293016874330822
2.5 8.9 3.5 0.34382986264288296 0.008726646259971648 -0.2234021442552742
2.3000000000000003 8.9 3 0.34382986264288296 0.008726646259971648 -0.2234021442552742
2.3000000000000003 8.8 2.9000000000000004 0.34382986264288296 0.008726646259971648 -0.2234021442552742
2.3000000000000003 8.8 2.9000000000000004 0.34382986264288296 0.008726646259971648 -0.2234021442552742
2.3000000000000003 8.8 2.9000000000000004 0.3490658503988659 0.06283185307179587 -0.20420352248333656
2.3000000000000003 8.8 2.9000000000000004 0.33161255787892263 -0.08203047484373349 -0.1884955592153876
2.3000000000000003 8.700000000000001 3.1 0.33161255787892263 -0.08203047484373349 -0.1884955592153876
2.4000000000000004 8.8 3.2 0.3700098014227979 -0.28623399732707006 -0.17453292519943295
2.4000000000000004 8.8 3.2 0.3700098014227979 -0.28623399732707006 -0.17453292519943295
2 8.9 2.8000000000000003 0.4171336912266448 -0.2932153143350474 -0.1884955592153876
2 8.9 2.8000000000000003 0.39793506945470714 -0.153588974175501 -0.153588974175501
1.9000000000000001 8.9 2.4000000000000004 0.39793506945470714 -0.153588974175501 -0.153588974175501
1.9000000000000001 8.8 2.1 0.39793506945470714 -0.153588974175501 -0.153588974175501
1.9000000000000001 8.8 2.1 0.39793506945470714 -0.153588974175501 -0.153588974175501
1.9000000000000001 8.8 2.1 0.33859387488689996 -0.04537856055185257 -0.09250245035569947
1.9000000000000001 9 2 0.25656340004316647 -0.04363323129985824 -0.04188790204786391
1.9000000000000001 9 2 0.25656340004316647 -0.04363323129985824 -0.04188790204786391
2 8.8 2 0.19024088846738194 -0.03490658503988659 -0.03316125578789226
2 8.8 2 0.19024088846738194 -0.03490658503988659 -0.03316125578789226
1.9000000000000001 8.9 2 0.13264502315156904 0.08726646259971647 -0.024434609527920613
1.9000000000000001 8.9 2 0.13264502315156904 0.08726646259971647 -0.024434609527920613
1.9000000000000001 8.9 2 0.13264502315156904 0.08726646259971647 -0.024434609527920613
1.7000000000000002 8.9 2 0.0767944870877505 0.1291543646475804 0.008726646259971648
1.7000000000000002 8.9 2 0.0767944870877505 0.1291543646475804 0.008726646259971648
1.9000000000000001 8.8 2.4000000000000004 0.04188790204786391 0.06806784082777885 0.05759586531581288
2.2 8.9 2.4000000000000004 0.03839724354387525 -0.022689280275926284 0.08726646259971647
2.2 8.9 2.4000000000000004 0.03839724354387525 -0.022689280275926284 0.08726646259971647
2.3000000000000003 8.9 2.5 0.005235987755982989 -0.059341194567807204 0.10471975511965978
2.3000000000000003 8.9 2.5 0.005235987755982989 -0.059341194567807204 0.10471975511965978
2.4000000000000004 8.8 2.6 -0.010471975511965978 -0.04188790204786391 0.09773843811168245
2.4000000000000004 8.8 2.6 -0.010471975511965978 -0.04188790204786391 0.09773843811168245
2.4000000000000004 8.8 2.6 -0.010471975511965978 -0.04188790204786391 0.09773843811168245
2.5 8.8 2.8000000000000003 -0.020943951023931956 -0.04363323129985824 0.09599310885968813
2.5 8.8 2.8000000000000003 -0.020943951023931956 -0.04363323129985824 0.09599310885968813
2.6 8.9 3 -0.024434609527920613 -0.031415926535897934 0.0942477796076938
2.6 8.9 3 0.005235987755982989 -0.054105206811824215 0.07504915783575618
2.5 8.9 2.9000000000000004 0.005235987755982989 -0.054105206811824215 0.07504915783575618
2.6 8.9 2.9000000000000004 0.012217304763960306 -0.09773843811168245 0.09948376736367678
2.6 8.9 2.9000000000000004 0.012217304763960306 -0.09773843811168245 0.09948376736367678
2.7 8.9 3 0.024434609527920613 -0.0767944870877505 0.09948376736367678
2.7 8.9 3 0.024434609527920613 -0.0767944870877505 0.09948376736367678
2.7 9 2.8000000000000003 0.024434609527920613 -0.0767944870877505 0.09948376736367678
2.7 9 2.8000000000000003 0.020943951023931956 -0.03839724354387525 0.06632251157578452
2.7 9 2.8000000000000003 0.020943951023931956 -0.03839724354387525 0.06632251157578452
2.7 9 3 -0.012217304763960306 -0.015707963267948967 0.05235987755982989
2.7 9 3 0.010471975511965978 -0.061086523819801536 0.027925268031909273
2.8000000000000003 9 3.2 0.010471975511965978 -0.061086523819801536 0.027925268031909273
2.7 9.1 3.1 0.05061454830783556 -0.1518436449235067 -0.008726646259971648
2.7 9.1 3.1 0.05061454830783556 -0.1518436449235067 -0.008726646259971648
2.7 9.1 3 0.06283185307179587 -0.19198621771937627 -0.019198621771937624
2.7 9.1 3 0.06283185307179587 -0.19198621771937627 -0.019198621771937624
2.7 9.1 3 0.06283185307179587 -0.19198621771937627 -0.019198621771937624
2.6 9 3 0.06283185307179587 -0.14311699866353503 -0.024434609527920613
2.6 9 3 0.06283185307179587 -0.14311699866353503 -0.024434609527920613
2.5 9 2.8000000000000003 0.06981317007977318 -0.03490658503988659 -0.010471975511965978
2.5 9 2.8000000000000003 0.04014257279586958 0.03665191429188092 0.015707963267948967
2.5 9 2.8000000000000003 0.04014257279586958 0.03665191429188092 0.015707963267948967
2.6 8.9 3 0.04014257279586958 0.03665191429188092 0.015707963267948967
2.6 8.9 3 0.04014257279586958 0.03665191429188092 0.015707963267948967
2.8000000000000003 8.9 3 0.08726646259971647 -0.04014257279586958 0.03839724354387525
2.8000000000000003 8.9 3 0.08726646259971647 -0.04014257279586958 0.03839724354387525
2.8000000000000003 8.9 3 0.08726646259971647 -0.04014257279586958 0.03839724354387525
2.8000000000000003 8.8 3 0.11519173063162576 -0.08552113334772216 0.022689280275926284
2.8000000000000003 8.8 3 0.11519173063162576 -0.08552113334772216 0.022689280275926284
2.8000000000000003 8.8 2.8000000000000003 0.1518436449235067 -0.11868238913561441 0.03839724354387525
2.8000000000000003 8.8 2.8000000000000003 0.1518436449235067 -0.06981317007977318 0.05061454830783556
2.9000000000000004 8.8 2.6 0.1518436449235067 -0.06981317007977318 0.05061454830783556
2.9000000000000004 8.9 2.4000000000000004 0.1117010721276371 0.005235987755982989 0.04537856055185257
2.9000000000000004 8.9 2.4000000000000004 0.1117010721276371 0.005235987755982989 0.04537856055185257
2.9000000000000004 8.9 2.4000000000000004 0.1117010721276371 0.005235987755982989 0.04537856055185257
3 8.9 2.7 0.07330382858376185 0.005235987755982989 0.048869219055841226
3 8.9 2.7 0.07330382858376185 0.005235987755982989 0.048869219055841226
3.2 8.9 2.8000000000000003 0.0890117918517108 -0.06632251157578452 0.027925268031909273
3.2 8.9 2.8000000000000003 0.0890117918517108 -0.06632251157578452 0.027925268031909273
3.5 8.9 2.8000000000000003 0.07853981633974483 -0.1291543646475804 -0.0017453292519943296
4 9 3.2 0.061086523819801536 -0.16231562043547265 -0.06283185307179587
4 9 3.2 0.061086523819801536 -0.16231562043547265 -0.06283185307179587
4.2 9.1 3.8000000000000003 0.061086523819801536 -0.16231562043547265 -0.06283185307179587
4.2 9.1 3.8000000000000003 0.061086523819801536 -0.16231562043547265 -0.06283185307179587
4.2 9.1 3.8000000000000003 0.0645771823237902 -0.2478367537831948 -0.10995574287564276
4.3 9.200000000000001 4.7 0.16929693744344998 -0.38571776469074687 -0.11344640137963143
4.3 9.200000000000001 4.7 0.16929693744344998 -0.38571776469074687 -0.11344640137963143
4.7 9.1 4.7 0.4276056667386107 -0.4886921905584123 -0.10471975511965978
4.7 9.1 4.7 0.4276056667386107 -0.4886921905584123 -0.10471975511965978
5.1000000000000005 9 3.9000000000000004 0.6265732014659643 -0.6370451769779303 -0.11344640137963143
5.1000000000000005 9 3.9000000000000004 0.7051130178057091 -0.8080874436733746 -0.1466076571675237
4.9 8.8 3.6 0.7051130178057091 -0.8080874436733746 -0.1466076571675237
4.4 8.6 3.9000000000000004 0.7051130178057091 -0.8080874436733746 -0.1466076571675237
4.4 8.6 3.9000000000000004 0.7051130178057091 -0.8080874436733746 -0.1466076571675237
4.4 8.6 3.9000000000000004 0.7627088831215221 -0.9599310885968813 -0.10821041362364843
4.3 8.4 3.7 0.8918632477691024 -0.8621926504851988 0.03839724354387525
4.3 8.4 3.7 0.8918632477691024 -0.8621926504851988 0.03839724354387525
4 8.3 2.4000000000000004 0.9616764178488756 -0.7470009198535731 0.13089969389957473
4 8.3 2.4000000000000004 0.9616764178488756 -0.7470009198535731 0.13089969389957473
3.8000000000000003 8.200000000000001 2.3000000000000003 0.8412486994612669 -0.7609635538695277 0.17976891295541594
3.8000000000000003 8.3 2.3000000000000003 0.7853981633974483 -0.7679448708775051 0.19896753472735357
3.8000000000000003 8.3 2.3000000000000003 0.7853981633974483 -0.7679448708775051 0.19896753472735357
3.7 8.3 2 0.7853981633974483 -0.7679448708775051 0.19896753472735357
3.7 8.3 2 0.7853981633974483 -0.7679448708775051 0.19896753472735357
3.7 8.3 2 0.7365289443416071 -0.6702064327658226 0.19198621771937627
3.3000000000000003 8.5 2.3000000000000003 0.6981317007977318 -0.4276056667386107 0.19896753472735357
3.3000000000000003 8.5 2.3000000000000003 0.6981317007977318 -0.4276056667386107 0.19896753472735357
2.6 8.6 2.8000000000000003 0.8639379797371931 -0.43982297150257105 0.2897246558310587
2.6 8.6 2.8000000000000003 0.8639379797371931 -0.43982297150257105 0.2897246558310587
3.2 8.4 2.4000000000000004 1.2182398178920422 -0.7243116395776468 0.4084070449666731
3.2 8.4 2.4000000000000004 1.2182398178920422 -0.7243116395776468 0.4084070449666731
3.2 8.4 2.4000000000000004 1.2182398178920422 -0.7243116395776468 0.4084070449666731
3.3000000000000003 8.6 0.8 1.4748032179352084 -0.9058258817850571 0.35779249665883756
3.3000000000000003 8.6 0.8 1.4748032179352084 -0.9058258817850571 0.35779249665883756
3.3000000000000003 8.9 0 1.4974924982111348 -1.0471975511965979 0.2949606435870417
3.7 9 -0.7000000000000001 1.4748032179352084 -1.048942880448592 0.22689280275926285
3.7 9 -0.7000000000000001 1.4748032179352084 -1.048942880448592 0.22689280275926285
4.1000000000000005 9.1 -1.3 1.356120828799594 -0.9983283321407566 0.10122909661567112
4.1000000000000005 9.1 -1.3 1.356120828799594 -0.9983283321407566 0.10122909661567112
3.7 9.3 -1.2000000000000002 1.270599695451872 -1.1362093430483087 -0.03316125578789226
3.7 9.3 -1.2000000000000002 1.270599695451872 -1.1362093430483087 -0.03316125578789226
3.7 9.3 -1.2000000000000002 1.270599695451872 -1.1362093430483087 -0.03316125578789226
3.5 9.600000000000001 -1.9000000000000001 1.392772743091475 -1.4049900478554354 -0.09773843811168245
3.5 9.600000000000001 -1.9000000000000001 1.392772743091475 -1.4049900478554354 -0.09773843811168245
3.5 9.9 -3.7 1.392772743091475 -1.4172073526193956 -0.16057029118347832
3.9000000000000004 9.9 -5.1000000000000005 1.02799892942466 -1.0402162341886205 -0.34732052114687156
3.9000000000000004 9.9 -5.1000000000000005 1.02799892942466 -1.0402162341886205 -0.34732052114687156
2.8000000000000003 9.1 -4.7 0.5707226654021458 -0.6038839211900381 -0.6614797865058509
2.8000000000000003 9.1 -4.7 0.5707226654021458 -0.6038839211900381 -0.6614797865058509
1.4000000000000001 8.3 -3.2 0.4066617157146788 -0.6283185307179586 -0.8831366015091308
1.4000000000000001 8.3 -3.2 0.4066617157146788 -0.6283185307179586 -0.8831366015091308
1.4000000000000001 8.3 -3.2 0.4066617157146788 -0.6283185307179586 -0.8831366015091308
0.4 7.800000000000001 -2.4000000000000004 0.6457718232379019 -0.9372418083209549 -1.048942880448592
0.4 7.800000000000001 -2.4000000000000004 0.6457718232379019 -0.9372418083209549 -1.048942880448592
-0.1 7.5 -2.2 0.9512044423369096 -1.1833332328521555 -1.1536626355682518
-1.2000000000000002 7.5 -2.5 1.075122819228507 -1.254891732183923 -1.171115928088195
-1.2000000000000002 7.5 -2.5 1.075122819228507 -1.254891732183923 -1.171115928088195
-0.9 7.6000000000000005 -1 1.0297442586766545 -1.3089969389957472 -0.8936085770210968
-0.9 7.6000000000000005 -1 1.0297442586766545 -1.3089969389957472 -0.8936085770210968
-0.9 7.6000000000000005 -1 1.0297442586766545 -1.3089969389957472 -0.8936085770210968
0.2 7.2 -0.6000000000000001 1.2723450247038663 -1.2897983172238097 -0.778416846389471
0.2 7.2 -0.6000000000000001 1.2723450247038663 -1.2897983172238097 -0.778416846389471
0 6.9 -1.8 1.6161748873467492 -1.387536755335492 -0.8377580409572782
0 6.9 -1.8 1.6161748873467492 -1.387536755335492 -0.8377580409572782
-1.2000000000000002 6.9 -2.7 1.8133970928221084 -1.3316862192716734 -0.9145525280450287
-1.2000000000000002 6.9 -2.7 1.8465583486100008 -1.260127719939906 -0.7522369076095561
-3 7.1000000000000005 -5.4 1.8465583486100008 -1.260127719939906 -0.7522369076095561
-3.3000000000000003 7.1000000000000005 -7 1.8465583486100008 -1.260127719939906 -0.7522369076095561
-3.3000000000000003 7.1000000000000005 -7 1.8465583486100008 -1.260127719939906 -0.7522369076095561
-3.3000000000000003 7.1000000000000005 -7 1.4835298641951802 -0.8796459430051421 -0.39968039870670147
-2.5 6.9 -6.2 1.202531854624093 -0.5899212871740834 -0.14835298641951802
-2.5 6.9 -6.2 1.202531854624093 -0.5899212871740834 -0.14835298641951802
-2.3000000000000003 7.1000000000000005 -7.5 1.270599695451872 -0.62482787221397 -0.0645771823237902
-2.3000000000000003 7.1000000000000005 -7.5 1.270599695451872 -0.62482787221397 -0.0645771823237902
-2.1 7.300000000000001 -10 1.1850785621041497 -0.7086036763096978 -0.019198621771937624
-1.3 7.5 -11.4 0.6789330790257943 -0.44505895925855404 -0.019198621771937624
-1.3 7.5 -11.4 0.6789330790257943 -0.44505895925855404 -0.019198621771937624
-1.5 8 -9.9 0.6789330790257943 -0.44505895925855404 -0.019198621771937624
-1.5 8 -9.9 0.6789330790257943 -0.44505895925855404 -0.019198621771937624
-1.5 8 -9.9 0.11868238913561441 -0.16755160819145565 -0.13089969389957473
-1.7000000000000002 8.200000000000001 -7.800000000000001 -0.1780235837034216 -0.06632251157578452 -0.24434609527920614
-1.7000000000000002 8.200000000000001 -7.800000000000001 -0.1780235837034216 -0.06632251157578452 -0.24434609527920614
-1.6 8.3 -6.1000000000000005 -0.16057029118347832 -0.13788101090755203 -0.3001966313430247
-1.6 8.3 -6.1000000000000005 -0.16057029118347832 -0.13788101090755203 -0.3001966313430247
-1.4000000000000001 7.9 -6.1000000000000005 -0.003490658503988659 -0.21467549799530253 -0.35255650890285456
-1 7.5 -5.5 0.14311699866353503 -0.05759586531581288 -0.4729842272904633
-1 7.5 -5.5 0.14311699866353503 -0.05759586531581288 -0.4729842272904633
-1.4000000000000001 7.2 -4.5 0.14311699866353503 -0.05759586531581288 -0.4729842272904633
-1.4000000000000001 7.2 -4.5 0.14311699866353503 -0.05759586531581288 -0.4729842272904633
-1.9000000000000001 7.300000000000001 -4.800000000000001 0.5899212871740834 0.003490658503988659 -0.5619960191421741
-3 7 -6.1000000000000005 0.9512044423369096 -0.0767944870877505 -0.614355896702004
-3 7 -6.1000000000000005 0.9512044423369096 -0.0767944870877505 -0.614355896702004
-3.8000000000000003 6.300000000000001 -7.800000000000001 1.0262536001726659 -0.19373154697137057 -0.6457718232379019
-3.8000000000000003 6.300000000000001 -7.800000000000001 1.0262536001726659 -0.19373154697137057 -0.6457718232379019
-6 5.5 -7.9 0.9197885158010117 -0.21991148575128552 -0.6998770300497261
-6 5.5 -7.9 0.9197885158010117 -0.21991148575128552 -0.6998770300497261
-6 5.5 -7.9 0.9197885158010117 -0.21991148575128552 -0.6998770300497261
-7.1000000000000005 5 -7.300000000000001 0.8395033702092726 -0.3612831551628262 -0.6213372137099813
-7.1000000000000005 5 -7.300000000000001 0.8395033702092726 -0.3612831551628262 -0.6213372137099813
-7.9 4.6000000000000005 -6.300000000000001 0.9215338450530061 -0.5340707511102648 -0.6091199089460211
-7.9 4.6000000000000005 -6.300000000000001 1.2077678423800762 -0.8045967851693859 -0.5009094953223726
-10.100000000000001 4.5 -6.1000000000000005 1.2077678423800762 -0.8045967851693859 -0.5009094953223726
-11.4 4.2 -7.5 1.5428710587629875 -1.2304571226560024 -0.1518436449235067
-11.4 4.2 -7.5 1.5428710587629875 -1.2304571226560024 -0.1518436449235067
-10.9 4.1000000000000005 -9.5 1.6249015336067207 -1.6772614111665507 0.2111848394913139
-10.9 4.1000000000000005 -9.5 1.6249015336067207 -1.6772614111665507 0.2111848394913139
-9.600000000000001 4.4 -11.4 1.6249015336067207 -1.6772614111665507 0.2111848394913139
-9.600000000000001 4.4 -11.4 1.2409290981679684 -1.356120828799594 0.30543261909900765
-9.600000000000001 4.4 -11.4 1.2409290981679684 -1.356120828799594 0.30543261909900765
-9.5 4.800000000000001 -10.4 0.5864306286700948 -0.8569566627292158 0.3246312408709453
-10.8 5.6000000000000005 -8.3 0.307177948351002 -0.773180858633488 0.43458698374658805
-10.8 5.6000000000000005 -8.3 0.307177948351002 -0.773180858633488 0.43458698374658805
-12 6.2 -7.6000000000000005 0.5305800926062761 -1.3631021458075714 0.8936085770210968
-12 6.2 -7.6000000000000005 0.5305800926062761 -1.3631021458075714 0.8936085770210968
-7.800000000000001 6.800000000000001 -12.100000000000001 0.7295476273336298 -1.6074482410867776 1.4172073526193956
-7.800000000000001 6.800000000000001 -12.100000000000001 0.7295476273336298 -1.6074482410867776 1.4172073526193956
-7.800000000000001 6.800000000000001 -12.100000000000001 0.7295476273336298 -1.6074482410867776 1.4172073526193956
-5.7 6.9 -12.8 0.012217304763960306 -1.460840583919254 1.5533430342749532
-5.7 6.9 -12.8 0.012217304763960306 -1.460840583919254 1.5533430342749532
-5 6.5 -8.6 -0.6422811647339133 -0.5724679946541401 1.7278759594743862
-5 6.5 -8.6 -0.3403392041388943 -0.2827433388230814 1.9250981649497456
-3.5 5.1000000000000005 -3.7 -0.3403392041388943 -0.2827433388230814 1.9250981649497456
-1.7000000000000002 3.8000000000000003 -5.1000000000000005 0.07504915783575618 -0.6824237375297829 2.1432643214490366
-1.7000000000000002 3.8000000000000003 -5.1000000000000005 0.07504915783575618 -0.6824237375297829 2.1432643214490366
-1.7000000000000002 3.8000000000000003 -5.1000000000000005 0.6161012259539983 -1.4817845349431857 2.7454029133870805
-1.7000000000000002 3.8000000000000003 -5.1000000000000005 0.5497787143782138 -1.4329153158873447 2.981022362406315
7.9 1.1 -10.100000000000001 0.5497787143782138 -1.4329153158873447 2.981022362406315
7.9 1.1 -10.100000000000001 -0.2722713633111154 0.4677482395344803 3.548254369304472
7.9 1.1 -10.100000000000001 -0.2722713633111154 0.4677482395344803 3.548254369304472
15.9 0.8 0.1 -0.5777039824101231 1.3526301702956054 3.5639623325724212
15.9 0.8 0.1 0.11519173063162576 1.1693705988362009 3.330088212805181
13 0.8 2.7 0.11519173063162576 1.1693705988362009 3.330088212805181
12.3 0.7000000000000001 -8.5 1.0716321607245183 0.6649704450098396 3.2550390549694246
12.3 0.7000000000000001 -8.5 1.0716321607245183 0.6649704450098396 3.2550390549694246
12.3 0.7000000000000001 -8.5 2.2497294058206907 -0.6213372137099813 3.6355208319041887
12.3 0.7000000000000001 -8.5 1.4119713648634127 0.8185594191853406 3.5552356863124492
19.8 1.3 -11.200000000000001 1.4119713648634127 0.8185594191853406 3.5552356863124492
21.700000000000003 3.1 -9.200000000000001 0.8063421144213803 0.5427973973702365 1.869247628885927
21.700000000000003 3.1 -9.200000000000001 0.8063421144213803 0.5427973973702365 1.869247628885927
13.5 4.6000000000000005 -10.200000000000001 0.7417649320975901 -0.39444441095071847 0.10995574287564276
13.5 4.6000000000000005 -10.200000000000001 0.3717551306747922 -0.08028514559173916 -0.630063859969953
