2.1 9.200000000000001 2.7 0.23736477827122882 -0.003490658503988659 -0.06632251157578452
1.4000000000000001 9.200000000000001 1.6 0.2775073510670984 -0.022689280275926284 -0.07155849933176751
0.6000000000000001 9.3 1.3 0.08028514559173916 -0.08028514559173916 0.003490658503988659
0.6000000000000001 9.3 1.3 0.08028514559173916 -0.08028514559173916 0.003490658503988659
1.5 9.4 2.3000000000000003 0.08028514559173916 -0.08028514559173916 0.003490658503988659
1.5 9.4 2.3000000000000003 -0.03665191429188092 0.031415926535897934 0.13962634015954636
1.5 9.4 2.3000000000000003 -0.03665191429188092 0.031415926535897934 0.13962634015954636
2 9.3 2.5 -0.03316125578789226 0.048869219055841226 0.12042771838760874
2.5 9.200000000000001 2.5 0.017453292519943295 -0.048869219055841226 0.10646508437165411
2.5 9.200000000000001 2.5 0.017453292519943295 -0.048869219055841226 0.10646508437165411
2.4000000000000004 9.3 2.3000000000000003 0.04537856055185257 0.026179938779914945 0.022689280275926284
2.4000000000000004 9.3 2.3000000000000003 0.04537856055185257 0.026179938779914945 0.022689280275926284
2 9.200000000000001 2.2 0.04188790204786391 0.006981317007977318 -0.022689280275926284
2 9.200000000000001 2.2 0.04188790204786391 0.006981317007977318 -0.022689280275926284
2 9.200000000000001 2.2 0.04188790204786391 0.006981317007977318 -0.022689280275926284
1.8 9.200000000000001 2.2 0.026179938779914945 0.0017453292519943296 -0.03839724354387525
1.8 9.200000000000001 2.2 0.026179938779914945 0.0017453292519943296 -0.03839724354387525
1.7000000000000002 9.3 2.2 0.019198621771937624 -0.020943951023931956 -0.03490658503988659
1.7000000000000002 9.4 2.2 0.010471975511965978 -0.015707963267948967 -0.04014257279586958
1.7000000000000002 9.4 2.2 0.010471975511965978 -0.015707963267948967 -0.04014257279586958
1.6 9.200000000000001 2.1 -0.005235987755982989 -0.013962634015954637 -0.027925268031909273
1.6 9.200000000000001 2.1 -0.005235987755982989 -0.013962634015954637 -0.027925268031909273
1.7000000000000002 9.200000000000001 2.2 -0.03839724354387525 0.017453292519943295 -0.008726646259971648
1.7000000000000002 9.200000000000001 2.2 -0.03839724354387525 0.017453292519943295 -0.008726646259971648
1.7000000000000002 9.200000000000001 2.2 -0.03839724354387525 0.017453292519943295 -0.008726646259971648
1.8 9.200000000000001 2.4000000000000004 -0.022689280275926284 -0.015707963267948967 0
1.8 9.200000000000001 2.4000000000000004 -0.022689280275926284 -0.015707963267948967 0
1.9000000000000001 9.3 2.4000000000000004 -0.006981317007977318 0.0017453292519943296 0.005235987755982989
2 9.200000000000001 2.3000000000000003 0.012217304763960306 -0.015707963267948967 -0.020943951023931956
2 9.200000000000001 2.3000000000000003 0.012217304763960306 -0.015707963267948967 -0.020943951023931956
1.7000000000000002 9.3 2.2 0 0.003490658503988659 -0.027925268031909273
1.7000000000000002 9.3 2.2 0 0.003490658503988659 -0.027925268031909273
1.7000000000000002 9.200000000000001 2.2 -0.0017453292519943296 -0.017453292519943295 -0.017453292519943295
1.7000000000000002 9.200000000000001 2.2 -0.0017453292519943296 -0.017453292519943295 -0.017453292519943295
1.7000000000000002 9.200000000000001 2.2 -0.0017453292519943296 -0.017453292519943295 -0.017453292519943295
1.8 9.3 2.2 -0.017453292519943295 -0.022689280275926284 -0.006981317007977318
1.8 9.3 2.2 -0.017453292519943295 -0.022689280275926284 -0.006981317007977318
1.9000000000000001 9.3 2.4000000000000004 -0.015707963267948967 -0.022689280275926284 -0.019198621771937624
1.9000000000000001 9.3 2.4000000000000004 -0.008726646259971648 -0.013962634015954637 -0.0471238898038469
1.8 9.3 2.2 -0.008726646259971648 -0.013962634015954637 -0.0471238898038469
1.6 9.200000000000001 2.2 -0.022689280275926284 -0.005235987755982989 -0.04363323129985824
1.6 9.200000000000001 2.2 -0.022689280275926284 -0.005235987755982989 -0.04363323129985824
1.6 9.200000000000001 2.3000000000000003 -0.027925268031909273 -0.008726646259971648 -0.026179938779914945
1.7000000000000002 9.200000000000001 2.3000000000000003 -0.026179938779914945 -0.020943951023931956 -0.013962634015954637
1.7000000000000002 9.200000000000001 2.3000000000000003 -0.026179938779914945 -0.020943951023931956 -0.013962634015954637
1.8 9.3 2.3000000000000003 -0.022689280275926284 -0.017453292519943295 -0.013962634015954637
1.8 9.3 2.3000000000000003 -0.022689280275926284 -0.017453292519943295 -0.013962634015954637
1.8 9.200000000000001 2.4000000000000004 -0.019198621771937624 0.005235987755982989 -0.010471975511965978
1.7000000000000002 9.200000000000001 2.5 -0.003490658503988659 0.015707963267948967 -0.008726646259971648
1.7000000000000002 9.200000000000001 2.5 -0.003490658503988659 0.015707963267948967 -0.008726646259971648
1.7000000000000002 9.200000000000001 2.3000000000000003 -0.003490658503988659 0.015707963267948967 -0.008726646259971648
1.7000000000000002 9.200000000000001 2.3000000000000003 -0.003490658503988659 0.015707963267948967 -0.008726646259971648
1.7000000000000002 9.200000000000001 2.3000000000000003 0.017453292519943295 0.0017453292519943296 -0.005235987755982989
1.8 9.3 2.3000000000000003 0.026179938779914945 -0.012217304763960306 -0.010471975511965978
1.8 9.3 2.3000000000000003 0.026179938779914945 -0.012217304763960306 -0.010471975511965978
1.9000000000000001 9.3 2.2 0.012217304763960306 -0.019198621771937624 -0.019198621771937624
1.9000000000000001 9.3 2.2 0.012217304763960306 -0.019198621771937624 -0.019198621771937624
2 9.3 2.2 0.010471975511965978 -0.03316125578789226 -0.04014257279586958
2 9.3 2.2 0.010471975511965978 -0.03316125578789226 -0.04014257279586958
2 9.3 2.1 0.010471975511965978 -0.03316125578789226 -0.04014257279586958
1.9000000000000001 9.3 2.2 0.005235987755982989 -0.022689280275926284 -0.09773843811168245
1.9000000000000001 9.3 2.2 0.005235987755982989 -0.022689280275926284 -0.09773843811168245
1.9000000000000001 9.3 2.2 -0.019198621771937624 -0.008726646259971648 -0.11868238913561441
1.9000000000000001 9.3 2.2 -0.022689280275926284 0.012217304763960306 -0.12217304763960307
1.7000000000000002 9.3 2.2 -0.022689280275926284 0.012217304763960306 -0.12217304763960307
1.4000000000000001 9.3 2.2 -0.029670597283903602 0.029670597283903602 -0.09948376736367678
1.4000000000000001 9.3 2.2 -0.029670597283903602 0.029670597283903602 -0.09948376736367678
1.3 9.3 2.3000000000000003 -0.031415926535897934 0.026179938779914945 -0.048869219055841226
1.4000000000000001 9.3 2.3000000000000003 -0.026179938779914945 0 -0.008726646259971648
1.4000000000000001 9.3 2.3000000000000003 -0.026179938779914945 0 -0.008726646259971648
1.6 9.3 2.4000000000000004 -0.026179938779914945 0 -0.008726646259971648
1.6 9.3 2.4000000000000004 -0.026179938779914945 0 -0.008726646259971648
1.6 9.3 2.4000000000000004 -0.03316125578789226 -0.006981317007977318 0.006981317007977318
1.6 9.3 2.4000000000000004 -0.031415926535897934 -0.031415926535897934 -0.012217304763960306
1.8 9.3 2.5 -0.031415926535897934 -0.031415926535897934 -0.012217304763960306
1.7000000000000002 9.3 2.4000000000000004 -0.006981317007977318 -0.031415926535897934 -0.04188790204786391
1.7000000000000002 9.3 2.4000000000000004 -0.006981317007977318 -0.031415926535897934 -0.04188790204786391
1.4000000000000001 9.3 2.4000000000000004 -0.003490658503988659 -0.006981317007977318 -0.03490658503988659
1.4000000000000001 9.3 2.4000000000000004 0.006981317007977318 -0.022689280275926284 0.020943951023931956
1.4000000000000001 9.3 2.4000000000000004 0.006981317007977318 -0.022689280275926284 0.020943951023931956
1.4000000000000001 9.200000000000001 2.3000000000000003 0.006981317007977318 -0.022689280275926284 0.020943951023931956
1.4000000000000001 9.200000000000001 2.3000000000000003 0.006981317007977318 -0.022689280275926284 0.020943951023931956
1.8 9.200000000000001 2.4000000000000004 0.008726646259971648 -0.04537856055185257 0.03839724354387525
1.9000000000000001 9.3 2.5 0.029670597283903602 -0.03490658503988659 0.008726646259971648
1.9000000000000001 9.3 2.5 0.029670597283903602 -0.03490658503988659 0.008726646259971648
1.7000000000000002 9.3 2.2 0.04537856055185257 -0.022689280275926284 -0.022689280275926284
1.7000000000000002 9.3 2.2 0.04537856055185257 -0.022689280275926284 -0.022689280275926284
1.5 9.200000000000001 2.1 0.024434609527920613 -0.022689280275926284 -0.010471975511965978
1.5 9.200000000000001 2.1 0.024434609527920613 -0.022689280275926284 -0.010471975511965978
1.5 9.200000000000001 2.1 0.024434609527920613 -0.022689280275926284 -0.010471975511965978
1.6 9.3 2.2 -0.003490658503988659 0.003490658503988659 0.008726646259971648
1.6 9.3 2.2 -0.003490658503988659 0.003490658503988659 0.008726646259971648
1.8 9.3 2.3000000000000003 0.008726646259971648 -0.013962634015954637 0.017453292519943295
1.8 9.200000000000001 2.2 -0.003490658503988659 -0.006981317007977318 -0.0017453292519943296
1.8 9.200000000000001 2.2 -0.003490658503988659 -0.006981317007977318 -0.0017453292519943296
1.7000000000000002 9.3 2.3000000000000003 -0.012217304763960306 -0.024434609527920613 -0.024434609527920613
1.7000000000000002 9.3 2.3000000000000003 -0.012217304763960306 -0.024434609527920613 -0.024434609527920613
1.6 9.3 2.4000000000000004 -0.010471975511965978 0.012217304763960306 -0.0017453292519943296
1.6 9.3 2.4000000000000004 -0.010471975511965978 0.012217304763960306 -0.0017453292519943296
1.6 9.3 2.4000000000000004 -0.010471975511965978 0.012217304763960306 -0.0017453292519943296
1.7000000000000002 9.200000000000001 2.3000000000000003 0.005235987755982989 -0.003490658503988659 0
1.7000000000000002 9.200000000000001 2.3000000000000003 0.005235987755982989 -0.003490658503988659 0
1.6 9.3 2.3000000000000003 0.0017453292519943296 0.017453292519943295 0.008726646259971648
1.7000000000000002 9.3 2.4000000000000004 0.008726646259971648 0.029670597283903602 0.013962634015954637
1.7000000000000002 9.3 2.4000000000000004 0.008726646259971648 0.029670597283903602 0.013962634015954637
1.7000000000000002 9.200000000000001 2.2 0.017453292519943295 0.010471975511965978 0.005235987755982989
1.7000000000000002 9.200000000000001 2.2 0.017453292519943295 0.010471975511965978 0.005235987755982989
1.6 9.3 2.2 0.013962634015954637 0.010471975511965978 -0.005235987755982989
1.6 9.3 2.2 0.013962634015954637 0.010471975511965978 -0.005235987755982989
1.7000000000000002 9.3 2.1 0.013962634015954637 0.010471975511965978 -0.005235987755982989
1.7000000000000002 9.3 2.1 0.003490658503988659 0.0017453292519943296 0.0017453292519943296
1.7000000000000002 9.3 2.1 0.003490658503988659 0.0017453292519943296 0.0017453292519943296
1.7000000000000002 9.3 2.3000000000000003 -0.003490658503988659 0.0017453292519943296 -0.003490658503988659
1.8 9.3 2.3000000000000003 -0.006981317007977318 0.020943951023931956 -0.005235987755982989
1.8 9.3 2.3000000000000003 -0.006981317007977318 0.020943951023931956 -0.005235987755982989
1.9000000000000001 9.200000000000001 2.4000000000000004 0.006981317007977318 0.0017453292519943296 -0.020943951023931956
1.9000000000000001 9.200000000000001 2.4000000000000004 0.006981317007977318 0.0017453292519943296 -0.020943951023931956
1.9000000000000001 9.200000000000001 2.4000000000000004 0.006981317007977318 0.0017453292519943296 -0.020943951023931956
1.9000000000000001 9.200000000000001 2.4000000000000004 0.005235987755982989 -0.03316125578789226 -0.05061454830783556
1.6 9.3 2.2 0.005235987755982989 -0.03316125578789226 -0.05061454830783556
1.5 9.3 2.3000000000000003 -0.008726646259971648 -0.027925268031909273 -0.031415926535897934
1.5 9.3 2.3000000000000003 -0.008726646259971648 -0.027925268031909273 -0.031415926535897934
1.7000000000000002 9.3 2.3000000000000003 -0.005235987755982989 -0.024434609527920613 -0.019198621771937624
1.7000000000000002 9.3 2.3000000000000003 0 -0.013962634015954637 -0.015707963267948967
1.7000000000000002 9.3 2.3000000000000003 0 -0.013962634015954637 -0.015707963267948967
1.7000000000000002 9.200000000000001 2.3000000000000003 0 -0.013962634015954637 -0.015707963267948967
1.7000000000000002 9.200000000000001 2.3000000000000003 0 -0.013962634015954637 -0.015707963267948967
1.7000000000000002 9.200000000000001 2.3000000000000003 0.008726646259971648 -0.027925268031909273 -0.019198621771937624
1.6 9.3 2.3000000000000003 0.019198621771937624 -0.03839724354387525 -0.022689280275926284
1.6 9.3 2.3000000000000003 0.019198621771937624 -0.03839724354387525 -0.022689280275926284
1.6 9.3 2.2 0.019198621771937624 -0.04188790204786391 -0.017453292519943295
1.6 9.3 2.2 0.019198621771937624 -0.04188790204786391 -0.017453292519943295
1.6 9.3 2.2 0.020943951023931956 -0.03839724354387525 -0.013962634015954637
1.8 9.3 2.3000000000000003 0.022689280275926284 -0.022689280275926284 -0.008726646259971648
1.8 9.3 2.3000000000000003 0.022689280275926284 -0.022689280275926284 -0.008726646259971648
1.7000000000000002 9.5 2.1 0.022689280275926284 -0.022689280275926284 -0.008726646259971648
1.7000000000000002 9.5 2.1 0.022689280275926284 -0.022689280275926284 -0.008726646259971648
1.7000000000000002 9.5 2.1 0.029670597283903602 -0.05061454830783556 -0.04363323129985824
1.1 10.200000000000001 1.6 -0.013962634015954637 -0.0471238898038469 -0.07504915783575618
1.1 10.200000000000001 1.6 -0.013962634015954637 -0.0471238898038469 -0.07504915783575618
1 10.9 1.5 -0.09948376736367678 0.005235987755982989 -0.07330382858376185
1 10.9 1.5 -0.09948376736367678 0.005235987755982989 -0.07330382858376185
1.1 11.9 2 -0.13089969389957473 -0.08028514559173916 -0.14486232791552936
0.1 12.700000000000001 2.4000000000000004 -0.012217304763960306 -0.3560471674068432 -0.28623399732707006
0.1 12.700000000000001 2.4000000000000004 -0.012217304763960306 -0.3560471674068432 -0.28623399732707006
-0.30000000000000004 13.5 1.6 -0.012217304763960306 -0.3560471674068432 -0.28623399732707006
-0.30000000000000004 13.5 1.6 -0.012217304763960306 -0.3560471674068432 -0.28623399732707006
-0.30000000000000004 13.5 1.6 0.054105206811824215 -0.6126105674500096 -0.33859387488689996
-1.7000000000000002 14.100000000000001 1.6 0.18675022996339327 -0.31066860685499065 -0.5777039824101231
-1.7000000000000002 14.100000000000001 1.6 0.18675022996339327 -0.31066860685499065 -0.5777039824101231
-3.2 14 0.8 0.1361356816555577 -0.16929693744344998 -0.5288347633542818
-3.2 14 0.8 0.1361356816555577 -0.16929693744344998 -0.5288347633542818
-3.5 12.8 0.7000000000000001 0.08377580409572782 -0.21293016874330822 -0.38048177693476387
-3.5 12.8 0.7000000000000001 0.08377580409572782 -0.21293016874330822 -0.38048177693476387
-2.6 11.3 0.30000000000000004 0.08377580409572782 -0.21293016874330822 -0.38048177693476387
-2.6 11.3 0.30000000000000004 0.11868238913561441 -0.38571776469074687 -0.25656340004316647
-2.6 11.3 0.30000000000000004 0.11868238913561441 -0.38571776469074687 -0.25656340004316647
-2.9000000000000004 10.4 0.4 0.2059488517353309 -0.2007128639793479 -0.39793506945470714
-4.3 9.600000000000001 1.5 0.4677482395344803 -0.43458698374658805 -0.38397243543875254
-4.3 9.600000000000001 1.5 0.4677482395344803 -0.43458698374658805 -0.38397243543875254
-4.4 8.9 0.4 0.8936085770210968 -1.0419615634406147 -0.08552113334772216
-4.4 8.9 0.4 0.8936085770210968 -1.0419615634406147 -0.08552113334772216
-2.4000000000000004 8.3 -1 1.0262536001726659 -1.2583823906879117 0.153588974175501
-2.4000000000000004 8.3 -1 1.0262536001726659 -1.2583823906879117 0.153588974175501
-2.4000000000000004 8.3 -1 1.0262536001726659 -1.2583823906879117 0.153588974175501
-0.4 7.9 -1.5 0.8307767239493009 -1.1780972450961724 0.20420352248333656
-0.4 7.9 -1.5 0.8307767239493009 -1.1780972450961724 0.20420352248333656
1 7.6000000000000005 -1.4000000000000001 0.5951572749300664 -1.0943214410004447 0.11868238913561441
-0.1 7.4 0 0.3892084231947355 -1.2740903539558606 0.09773843811168245
-0.1 7.4 0 0.3892084231947355 -1.2740903539558606 0.09773843811168245
-0.30000000000000004 7 0.9 0.5009094953223726 -1.7331119472303693 0.4799655442984406
-0.30000000000000004 7 0.9 0.5009094953223726 -1.7331119472303693 0.4799655442984406
3.3000000000000003 6 -0.4 0.62482787221397 -1.7348572764823635 0.8621926504851988
3.3000000000000003 6 -0.4 0.62482787221397 -1.7348572764823635 0.8621926504851988
7.4 6.5 -1.2000000000000002 0.62482787221397 -1.7348572764823635 0.8621926504851988
7.7 6.9 2.4000000000000004 0.16231562043547265 -1.171115928088195 0.9372418083209549
7.7 6.9 2.4000000000000004 0.16231562043547265 -1.171115928088195 0.9372418083209549
7.7 6.9 2.4000000000000004 -0.5515240436302081 -0.9878563566287906 1.0419615634406147
7.7 6.9 2.4000000000000004 -0.4782202150464463 -1.270599695451872 1.150171977064263
7.6000000000000005 7.1000000000000005 4.6000000000000005 -0.4782202150464463 -1.270599695451872 1.150171977064263
7 6.7 4.5 -0.4782202150464463 -1.270599695451872 1.150171977064263
7 6.7 4.5 -0.4782202150464463 -1.270599695451872 1.150171977064263
7.4 6.2 2.7 0.2583087292951608 -1.1484266478122689 1.3299408900196792
7.4 6.2 2.7 0.2583087292951608 -1.1484266478122689 1.3299408900196792
7.4 6.2 2.7 0.2583087292951608 -1.1484266478122689 1.3299408900196792
6.800000000000001 6.4 1.5 0.23561944901923448 -0.8953539062730911 1.2007865253720988
6.800000000000001 6.4 1.5 0.23561944901923448 -0.8953539062730911 1.2007865253720988
8 6.800000000000001 2.2 0.11344640137963143 -0.4433136300065597 1.1239920382843482
8 6.800000000000001 2.2 0.23561944901923448 -0.17453292519943295 0.8831366015091308
8.700000000000001 7.2 2.7 0.23561944901923448 -0.17453292519943295 0.8831366015091308
9.1 7.300000000000001 1.9000000000000001 0.23561944901923448 -0.17453292519943295 0.8831366015091308
9.1 7.300000000000001 1.9000000000000001 0.23561944901923448 -0.17453292519943295 0.8831366015091308
9.1 7.300000000000001 1.9000000000000001 0.46251225177849736 -0.1710422666954443 0.6056292504420324
9.1 7.300000000000001 1.9000000000000001 0.5742133239061344 -0.024434609527920613 0.1832595714594046
9.1 7.1000000000000005 1 0.5742133239061344 -0.024434609527920613 0.1832595714594046
7.2 7.300000000000001 0 0.5654866776461628 0.22863813201125718 -0.18675022996339327
7.2 7.300000000000001 0 0.5654866776461628 0.22863813201125718 -0.18675022996339327
6.9 7.6000000000000005 0.2 0.4363323129985824 0.4485496177625427 -0.23911010752322315
8.4 7.7 1 0.37873644768276954 0.5881759579220891 -0.2984513020910304
8.4 7.7 1 0.37873644768276954 0.5881759579220891 -0.2984513020910304
10 8 1.6 0.37873644768276954 0.5881759579220891 -0.2984513020910304
10 8 1.6 0.37873644768276954 0.5881759579220891 -0.2984513020910304
10 8 1.6 0.3717551306747922 0.778416846389471 -0.4939281783143953
9.8 8 2 0.4276056667386107 1.0000736613927508 -0.8098327729253689
9.8 8 2 0.4276056667386107 1.0000736613927508 -0.8098327729253689
8 8.200000000000001 2 0.5305800926062761 0.9861110273767962 -0.9896016858807849
8 8.200000000000001 2 0.5305800926062761 0.9861110273767962 -0.9896016858807849
7.800000000000001 7.9 1.2000000000000002 0.5846852994181004 0.9407324668249436 -0.8883725892651138
7.800000000000001 7.9 1.2000000000000002 0.5846852994181004 0.9407324668249436 -0.8883725892651138
8.700000000000001 7.6000000000000005 -0.8 0.5846852994181004 0.9407324668249436 -0.8883725892651138
7.6000000000000005 7.800000000000001 -0.5 0.42935099599060506 1.2845623294678266 -0.8534660042252271
7.6000000000000005 7.800000000000001 -0.5 0.42935099599060506 1.2845623294678266 -0.8534660042252271
7.6000000000000005 7.800000000000001 -0.5 0.04537856055185257 1.7907078125461822 -1.1082840750163994
7.6000000000000005 7.800000000000001 -0.5 0.012217304763960306 1.4922565104551517 -1.2217304763960306
4.9 7.7 1.6 0.012217304763960306 1.4922565104551517 -1.2217304763960306
2.6 7.800000000000001 -0.2 0.36302848441482055 1.0122909661567112 -1.1100294042683936
2.6 7.800000000000001 -0.2 0.36302848441482055 1.0122909661567112 -1.1100294042683936
2 8 -1.8 0.17278759594743862 1.0210176124166828 -0.8726646259971648
2 8 -1.8 0.17278759594743862 1.0210176124166828 -0.8726646259971648
1 7.9 -1 0.17278759594743862 1.0210176124166828 -0.8726646259971648
1 7.9 -1 -0.12042771838760874 1.117010721276371 -0.8447393579652556
1 7.9 -1 -0.12042771838760874 1.117010721276371 -0.8447393579652556
-0.5 8 -0.6000000000000001 -0.21293016874330822 1.1903145498601329 -0.7557275661135447
-0.5 8 -0.6000000000000001 -0.09250245035569947 0.7347836150896128 -0.6318091892219473
-1.6 8.700000000000001 0.2 -0.09250245035569947 0.7347836150896128 -0.6318091892219473
-3.1 8.9 -0.30000000000000004 0.2530727415391778 0.20420352248333656 -0.5724679946541401
-3.1 8.9 -0.30000000000000004 0.2530727415391778 0.20420352248333656 -0.5724679946541401
-4.5 8.9 -1.8 0.5009094953223726 -0.08203047484373349 -0.3769911184307752
-4.5 8.9 -1.8 0.5009094953223726 -0.08203047484373349 -0.3769911184307752
-4.1000000000000005 9 -4.6000000000000005 0.5009094953223726 -0.08203047484373349 -0.3769911184307752
-4.1000000000000005 9 -4.6000000000000005 0.46251225177849736 -0.3752457891787809 -0.11519173063162576
-4.1000000000000005 9 -4.6000000000000005 0.46251225177849736 -0.3752457891787809 -0.11519173063162576
-4.5 10.3 -6.2 -0.061086523819801536 -0.3717551306747922 0.005235987755982989
-3.9000000000000004 10.200000000000001 -5.5 -0.7766715171374766 -0.19896753472735357 0.19722220547535924
-3.9000000000000004 10.200000000000001 -5.5 -0.7766715171374766 -0.19896753472735357 0.19722220547535924
-2.1 9.8 -2.5 -1.2828170002158323 0.6178465552059926 0.16755160819145565
-2.1 9.8 -2.5 -1.2828170002158323 0.6178465552059926 0.16755160819145565
-4.5 10.8 -1.1 -1.265363707695889 0.4939281783143953 -0.017453292519943295
-4.5 10.8 -1.1 -1.265363707695889 0.4939281783143953 -0.017453292519943295
-4.2 11 -0.2 -1.265363707695889 0.4939281783143953 -0.017453292519943295
-4.2 11 -0.2 -1.1763519158441782 -0.24434609527920614 0.29146998508305305
-4.2 11 -0.2 -1.1763519158441782 -0.24434609527920614 0.29146998508305305
-3 10.5 0.4 -0.9738937226128359 -0.38048177693476387 0.6335545184739416
-3 10.5 0.4 -0.7400196028455958 0.3665191429188092 0.8185594191853406
-1.1 10.200000000000001 1 -0.7400196028455958 0.3665191429188092 0.8185594191853406
0.6000000000000001 9.8 0.4 -0.7400196028455958 0.3665191429188092 0.8185594191853406
0.6000000000000001 9.8 0.4 -0.7400196028455958 0.3665191429188092 0.8185594191853406
1 9.8 0.2 -0.6702064327658226 0.20769418098732523 0.47123889803846897
1 9.8 0.2 -0.6702064327658226 0.20769418098732523 0.47123889803846897
0.8 9.9 1.9000000000000001 -0.6702064327658226 0.20769418098732523 0.47123889803846897
0.8 9.9 1.9000000000000001 -0.6806784082777886 -0.09948376736367678 0.25656340004316647
0.8 9.9 1.9000000000000001 -0.6806784082777886 -0.09948376736367678 0.25656340004316647
0.5 9.9 2.1 -0.5131268000863329 0.1117010721276371 0.23387411976724015
0.5 9.9 2.1 -0.43982297150257105 0.27576202181510406 0.2722713633111154
0.7000000000000001 10.4 1.9000000000000001 -0.43982297150257105 0.27576202181510406 0.2722713633111154
1.9000000000000001 10.100000000000001 2.4000000000000004 -0.4241150082346221 0.38746309394274114 0.34382986264288296
1.9000000000000001 10.100000000000001 2.4000000000000004 -0.4241150082346221 0.38746309394274114 0.34382986264288296
1.9000000000000001 10.100000000000001 2.4000000000000004 -0.4468042885105484 0.4415683007545654 0.4188790204786391
3 9.8 3.1 -0.3665191429188092 0.34732052114687156 0.29146998508305305
3 9.8 3.1 -0.3665191429188092 0.34732052114687156 0.29146998508305305
2.5 9.8 2.6 -0.14311699866353503 0.25481807079117214 0.08203047484373349
2.5 9.8 2.6 -0.14311699866353503 0.25481807079117214 0.08203047484373349
1.9000000000000001 9.9 2.1 -0.08552113334772216 0.37350045992678654 0.013962634015954637
1.8 10 1.8 -0.13264502315156904 0.4241150082346221 0.07155849933176751
1.8 10 1.8 -0.13264502315156904 0.4241150082346221 0.07155849933176751
2.7 9.600000000000001 1.9000000000000001 -0.13264502315156904 0.4241150082346221 0.07155849933176751
2.7 9.600000000000001 1.9000000000000001 -0.13264502315156904 0.4241150082346221 0.07155849933176751
2.7 9.600000000000001 1.9000000000000001 -0.23561944901923448 0.2984513020910304 0.13962634015954636
2.7 9.600000000000001 1.9000000000000001 -0.3036872898470134 0.17627825445142728 0.06806784082777885
3.4000000000000004 9.4 2.2 -0.3036872898470134 0.17627825445142728 0.06806784082777885
3.2 9.3 1.9000000000000001 -0.36302848441482055 0.3595378259108319 -0.05235987755982989
3.2 9.3 1.9000000000000001 -0.36302848441482055 0.3595378259108319 -0.05235987755982989
2.2 9.200000000000001 1.7000000000000002 -0.5061454830783556 0.6806784082777886 -0.0767944870877505
2.2 9.200000000000001 1.7000000000000002 -0.5061454830783556 0.6806784082777886 -0.0767944870877505
1.9000000000000001 9.3 2.9000000000000004 -0.5061454830783556 0.6806784082777886 -0.0767944870877505
2.7 8.8 3.2 -0.635299847725936 0.9250245035569947 0.024434609527920613
2.7 8.8 3.2 -0.635299847725936 0.9250245035569947 0.024434609527920613
2.7 8.8 3.2 -0.5881759579220891 0.5201081170943103 0.10646508437165411
2.9000000000000004 8.6 2.8000000000000003 -0.5358160803622591 0.2722713633111154 0.04363323129985824
2.9000000000000004 8.6 2.8000000000000003 -0.5358160803622591 0.2722713633111154 0.04363323129985824
2.7 8.5 3.1 -0.5497787143782138 0.4310963252425994 -0.04363323129985824
2.7 8.5 3.1 -0.5497787143782138 0.4310963252425994 -0.04363323129985824
1.8 8.5 3.2 -0.5288347633542818 0.6649704450098396 -0.07330382858376185
1.8 8.5 3.2 -0.5288347633542818 0.6649704450098396 -0.07330382858376185
1.8 9.4 3.5 -0.5288347633542818 0.6649704450098396 -0.07330382858376185
1.8 9.4 3.5 -0.49741883681838395 0.5846852994181004 0.005235987755982989
1.8 9.4 3.5 -0.49741883681838395 0.5846852994181004 0.005235987755982989
3.8000000000000003 12.5 8.4 -0.6422811647339133 0.020943951023931956 0.3001966313430247
3.8000000000000003 12.5 8.4 0.012217304763960306 -0.027925268031909273 -0.10646508437165411
4.800000000000001 7.7 4.800000000000001 0.012217304763960306 -0.027925268031909273 -0.10646508437165411
2 8.8 3.4000000000000004 0.23561944901923448 0.5742133239061344 -0.37873644768276954
2 8.8 3.4000000000000004 0.23561944901923448 0.5742133239061344 -0.37873644768276954
0.2 8.200000000000001 2.2 0.1710422666954443 0.27576202181510406 -0.32812189937493397
0.2 8.200000000000001 2.2 0.1710422666954443 0.27576202181510406 -0.32812189937493397
0.2 8.200000000000001 2.2 0.1710422666954443 0.27576202181510406 -0.32812189937493397
-1.1 9.200000000000001 2 -0.031415926535897934 0.07330382858376185 0.020943951023931956
-1.1 9.200000000000001 2 -0.031415926535897934 0.07330382858376185 0.020943951023931956
0.2 8.9 2.4000000000000004 -0.25656340004316647 0.15009831567151236 0.42935099599060506
0.2 8.9 2.4000000000000004 -0.40491638646268446 0.3351032163829113 0.6213372137099813
1.6 9.3 3.2 -0.40491638646268446 0.3351032163829113 0.6213372137099813
3.8000000000000003 8.8 4.4 -0.41015237421866746 0.3647738136668149 0.5427973973702365
3.8000000000000003 8.8 4.4 -0.41015237421866746 0.3647738136668149 0.5427973973702365
3.8000000000000003 8.8 4.6000000000000005 -0.20245819323134223 0.23911010752322315 0.16755160819145565
3.8000000000000003 8.8 4.6000000000000005 -0.20245819323134223 0.23911010752322315 0.16755160819145565
2.5 8.700000000000001 4.4 -0.20245819323134223 0.23911010752322315 0.16755160819145565
2.5 8.700000000000001 4.4 0.006981317007977318 0.10297442586766545 -0.10646508437165411
2.5 8.700000000000001 4.4 0.006981317007977318 0.10297442586766545 -0.10646508437165411
1.5 8.700000000000001 3.7 0.12566370614359174 0.020943951023931956 -0.13962634015954636
1.1 8.8 3.3000000000000003 0.07504915783575618 0.05759586531581288 -0.031415926535897934
1.1 8.8 3.3000000000000003 0.07504915783575618 0.05759586531581288 -0.031415926535897934
1.5 8.6 3.6 -0.048869219055841226 0.06806784082777885 0.07330382858376185
1.5 8.6 3.6 -0.048869219055841226 0.06806784082777885 0.07330382858376185
2 8.6 4.3 -0.0645771823237902 0.015707963267948967 0.09599310885968813
2 8.6 4.3 -0.0645771823237902 0.015707963267948967 0.09599310885968813
2 8.6 4.3 -0.0645771823237902 0.015707963267948967 0.09599310885968813
2.2 8.6 4.5 0.054105206811824215 -0.10471975511965978 0.059341194567807204
2.2 8.6 4.5 0.054105206811824215 -0.10471975511965978 0.059341194567807204
2.1 8.700000000000001 4.1000000000000005 0.19198621771937627 -0.2007128639793479 0.013962634015954637
2.1 8.700000000000001 4.1000000000000005 0.24434609527920614 -0.10646508437165411 0.005235987755982989
1.9000000000000001 8.8 3.8000000000000003 0.24434609527920614 -0.10646508437165411 0.005235987755982989
1.8 8.9 3.4000000000000004 0.25656340004316647 -0.05061454830783556 0.013962634015954637
1.8 8.9 3.4000000000000004 0.25656340004316647 -0.05061454830783556 0.013962634015954637
1.8 8.9 3.4000000000000004 0.23038346126325152 -0.012217304763960306 0.05235987755982989
1.7000000000000002 8.9 3.3000000000000003 0.23038346126325152 -0.012217304763960306 0.05235987755982989
1.7000000000000002 8.9 3.3000000000000003 0.23038346126325152 -0.012217304763960306 0.05235987755982989
1.8 8.9 3.4000000000000004 0.21293016874330822 -0.024434609527920613 0.09599310885968813
1.8 8.9 3.4000000000000004 0.21293016874330822 -0.024434609527920613 0.09599310885968813
2.3000000000000003 8.8 3.1 0.20420352248333656 -0.158824961931484 0.08203047484373349
2.3000000000000003 8.8 3.1 0.20420352248333656 -0.158824961931484 0.08203047484373349
2.2 9 3.2 0.20420352248333656 -0.158824961931484 0.08203047484373349
2.1 9 3.3000000000000003 0.1518436449235067 -0.13089969389957473 0.005235987755982989
2.1 9 3.3000000000000003 0.1518436449235067 -0.13089969389957473 0.005235987755982989
2.1 9 3.3000000000000003 0.1518436449235067 -0.13089969389957473 0.005235987755982989
2.3000000000000003 8.9 3 0.153588974175501 -0.1239183768915974 -0.013962634015954637
2.3000000000000003 8.9 3 0.153588974175501 -0.1239183768915974 -0.013962634015954637
2.2 8.9 3 0.12217304763960307 -0.06283185307179587 -0.0471238898038469
2.2 8.9 3 0.12217304763960307 -0.06283185307179587 -0.0471238898038469
2 9 3 0.10471975511965978 -0.04537856055185257 -0.04363323129985824
1.8 9 3 0.09075712110370514 -0.0471238898038469 -0.010471975511965978
1.8 9 3 0.09075712110370514 -0.0471238898038469 -0.010471975511965978
1.8 8.9 3 0.09075712110370514 -0.0471238898038469 -0.010471975511965978
1.8 8.9 3 0.09075712110370514 -0.0471238898038469 -0.010471975511965978
1.8 8.9 3 0.07330382858376185 -0.04188790204786391 0.048869219055841226
1.8 8.9 3 0.0645771823237902 -0.017453292519943295 0.09599310885968813
1.9000000000000001 8.9 3.1 0.0645771823237902 -0.017453292519943295 0.09599310885968813
2 8.9 3.4000000000000004 0.0890117918517108 0.013962634015954637 0.12042771838760874
2 8.9 3.4000000000000004 0.0890117918517108 0.013962634015954637 0.12042771838760874
2 8.9 3.3000000000000003 0.1518436449235067 0.029670597283903602 0.15707963267948966
2.1 8.9 3.2 0.19373154697137057 0.010471975511965978 0.1710422666954443
2.1 8.9 3.2 0.19373154697137057 0.010471975511965978 0.1710422666954443
2.4000000000000004 8.9 2.9000000000000004 0.19373154697137057 0.010471975511965978 0.1710422666954443
2.4000000000000004 8.9 2.9000000000000004 0.19373154697137057 0.010471975511965978 0.1710422666954443
2.4000000000000004 8.9 2.9000000000000004 0.1832595714594046 0 0.15533430342749532
2.4000000000000004 8.9 2.9000000000000004 0.13264502315156904 0.024434609527920613 0.08726646259971647
2.7 9 2.8000000000000003 0.13264502315156904 0.024434609527920613 0.08726646259971647
2.7 8.9 2.8000000000000003 0.07330382858376185 0.003490658503988659 0
2.7 8.9 2.8000000000000003 0.07330382858376185 0.003490658503988659 0
2.6 8.8 2.4000000000000004 -0.0017453292519943296 -0.08726646259971647 -0.0767944870877505
2.6 8.8 2.4000000000000004 -0.0017453292519943296 -0.08726646259971647 -0.0767944870877505
2.4000000000000004 9 2.8000000000000003 -0.0017453292519943296 -0.08726646259971647 -0.0767944870877505
2.4000000000000004 9 2.8000000000000003 -0.1239183768915974 -0.05759586531581288 -0.11693705988362008
2.4000000000000004 9 2.8000000000000003 -0.1239183768915974 -0.05759586531581288 -0.11693705988362008
2.1 8.9 3.1 -0.15707963267948966 -0.020943951023931956 -0.12042771838760874
2.1 8.9 3.1 -0.11519173063162576 0.012217304763960306 -0.08203047484373349
1.9000000000000001 8.9 3.3000000000000003 -0.11519173063162576 0.012217304763960306 -0.08203047484373349
1.8 9 3.2 -0.05235987755982989 0.03665191429188092 -0.013962634015954637
1.8 9 3.2 -0.05235987755982989 0.03665191429188092 -0.013962634015954637
1.8 9.1 3.3000000000000003 -0.010471975511965978 0.054105206811824215 0.03490658503988659
1.8 9.1 3.3000000000000003 -0.010471975511965978 0.054105206811824215 0.03490658503988659
1.8 9.1 3.3000000000000003 -0.010471975511965978 0.054105206811824215 0.03490658503988659
2 9 3.1 0.06632251157578452 0.017453292519943295 0.061086523819801536
2 9 3.1 0.06632251157578452 0.017453292519943295 0.061086523819801536
2.1 9 3 0.09948376736367678 -0.027925268031909273 0.048869219055841226
1.9000000000000001 9.1 2.9000000000000004 0.10297442586766545 -0.010471975511965978 0.04188790204786391
1.9000000000000001 9.1 2.9000000000000004 0.10297442586766545 -0.010471975511965978 0.04188790204786391
1.8 9.1 3.1 0.09599310885968813 0.024434609527920613 0.06283185307179587
1.8 9.1 3.1 0.09599310885968813 0.024434609527920613 0.06283185307179587
1.8 8.9 3.1 0.10471975511965978 0.031415926535897934 0.10471975511965978
1.8 8.9 3.1 0.10471975511965978 0.031415926535897934 0.10471975511965978
2 8.9 3.1 0.10471975511965978 0.031415926535897934 0.10471975511965978
2 8.9 3.1 0.10821041362364843 0.020943951023931956 0.14486232791552936
2 8.9 3.1 0.10821041362364843 0.020943951023931956 0.14486232791552936
2.4000000000000004 8.9 3.2 0.1117010721276371 -0.048869219055841226 0.1413716694115407
3 8.6 2.9000000000000004 0.04363323129985824 -0.07853981633974483 0.027925268031909273
3 8.6 2.9000000000000004 0.04363323129985824 -0.07853981633974483 0.027925268031909273
2.3000000000000003 9.1 2.8000000000000003 0.05759586531581288 -0.14486232791552936 -0.06981317007977318
2.3000000000000003 9.1 2.8000000000000003 0.05759586531581288 -0.14486232791552936 -0.06981317007977318
2.3000000000000003 9.1 2.8000000000000003 0.027925268031909273 -0.25481807079117214 -0.08726646259971647
2.2 9 2.5 0.027925268031909273 -0.25481807079117214 -0.08726646259971647
2.2 9 2.5 0.027925268031909273 -0.25481807079117214 -0.08726646259971647
2.3000000000000003 9.1 2.7 -0.03316125578789226 -0.18151424220741028 -0.04537856055185257
2.3000000000000003 9.1 2.7 -0.03316125578789226 -0.18151424220741028 -0.04537856055185257
3.6 8.8 2.4000000000000004 -0.08552113334772216 -0.16057029118347832 -0.09250245035569947
3.6 8.8 2.4000000000000004 -0.08552113334772216 -0.16057029118347832 -0.09250245035569947
3.2 8.9 3 -0.08552113334772216 -0.16057029118347832 -0.09250245035569947
1.8 9 3.3000000000000003 -0.16057029118347832 -0.06806784082777885 -0.2932153143350474
1.8 9 3.3000000000000003 -0.16057029118347832 -0.06806784082777885 -0.2932153143350474
1.8 9 3.3000000000000003 -0.06981317007977318 -0.008726646259971648 -0.3298672286269283
1.8 9 3.3000000000000003 0.027925268031909273 0.0471238898038469 -0.18675022996339327
1.3 9.1 2.7 0.027925268031909273 0.0471238898038469 -0.18675022996339327
1.3 9.200000000000001 2.2 -0.010471975511965978 0.0645771823237902 -0.03490658503988659
1.3 9.200000000000001 2.2 -0.010471975511965978 0.0645771823237902 -0.03490658503988659
1.9000000000000001 8.9 2.4000000000000004 -0.15009831567151236 0.10297442586766545 0.048869219055841226
1.9000000000000001 8.9 2.4000000000000004 -0.15009831567151236 0.10297442586766545 0.048869219055841226
2.1 8.9 3.4000000000000004 -0.15009831567151236 0.10297442586766545 0.048869219055841226
2.1 8.9 3.6 -0.19198621771937627 0.11868238913561441 0.054105206811824215
2.1 8.9 3.6 -0.19198621771937627 0.11868238913561441 0.054105206811824215
2.1 8.9 3.6 -0.10122909661567112 0.10471975511965978 0.059341194567807204
2.1 8.9 3.6 -0.024434609527920613 0.14311699866353503 0.09250245035569947
1.9000000000000001 8.8 3.5 -0.024434609527920613 0.14311699866353503 0.09250245035569947
2.1 8.700000000000001 3.4000000000000004 0.012217304763960306 0.1239183768915974 0.1361356816555577
2.1 8.700000000000001 3.4000000000000004 0.012217304763960306 0.1239183768915974 0.1361356816555577
2.3000000000000003 8.8 3.5 0.04537856055185257 0.05235987755982989 0.13962634015954636
2.5 8.8 3.5 0.0890117918517108 -0.012217304763960306 0.10995574287564276
2.5 8.8 3.5 0.0890117918517108 -0.012217304763960306 0.10995574287564276
2.5 9 3.2 0.0890117918517108 -0.012217304763960306 0.10995574287564276
2.5 9 3.2 0.0890117918517108 -0.012217304763960306 0.10995574287564276
2.5 9 3.2 0.10646508437165411 0.022689280275926284 0.031415926535897934
2.5 9 3.2 0.09075712110370514 0.059341194567807204 -0.029670597283903602
2.2 9 2.9000000000000004 0.09075712110370514 0.059341194567807204 -0.029670597283903602
1.8 9.1 2.7 0.06632251157578452 0.06806784082777885 -0.03490658503988659
1.8 9.1 2.7 0.06632251157578452 0.06806784082777885 -0.03490658503988659
1.5 9.3 2.7 0.061086523819801536 0.027925268031909273 0.0017453292519943296
1.5 9.3 2.7 0.04537856055185257 -0.015707963267948967 0.07330382858376185
1.5 9.3 2.7 0.04537856055185257 -0.015707963267948967 0.07330382858376185
1.7000000000000002 9.200000000000001 2.8000000000000003 0.04537856055185257 -0.015707963267948967 0.07330382858376185
1.7000000000000002 9.200000000000001 2.8000000000000003 0.04537856055185257 -0.015707963267948967 0.07330382858376185
2.4000000000000004 9 2.9000000000000004 0.020943951023931956 0.048869219055841226 0.07155849933176751
2.4000000000000004 9 2.9000000000000004 0.06283185307179587 0.07330382858376185 0.04188790204786391
2.3000000000000003 8.9 2.6 0.06283185307179587 0.07330382858376185 0.04188790204786391
2.4000000000000004 9 2.7 0.03665191429188092 0.054105206811824215 0.04363323129985824
2.4000000000000004 9 2.7 0.03665191429188092 0.054105206811824215 0.04363323129985824
2.3000000000000003 9 2.8000000000000003 0.024434609527920613 0.03665191429188092 0.03839724354387525
2.3000000000000003 9 2.8000000000000003 0.024434609527920613 0.03665191429188092 0.03839724354387525
2.4000000000000004 8.9 2.8000000000000003 0.024434609527920613 0.03665191429188092 0.03839724354387525
2.4000000000000004 8.9 2.8000000000000003 0.010471975511965978 0.07155849933176751 0.0471238898038469
2.4000000000000004 8.9 2.8000000000000003 0.010471975511965978 0.07155849933176751 0.0471238898038469
2.4000000000000004 8.9 2.8000000000000003 -0.019198621771937624 0.0645771823237902 0.03316125578789226
2.2 8.9 3.2 -0.03665191429188092 0.07853981633974483 0.019198621771937624
2.2 8.9 3.2 -0.03665191429188092 0.07853981633974483 0.019198621771937624
2 9 3.4000000000000004 -0.005235987755982989 0.11344640137963143 0.04188790204786391
2 9 3.4000000000000004 -0.005235987755982989 0.11344640137963143 0.04188790204786391
2.3000000000000003 8.9 3.3000000000000003 0.048869219055841226 0.13264502315156904 0.07155849933176751
2.3000000000000003 8.9 3.3000000000000003 0.048869219055841226 0.13264502315156904 0.07155849933176751
2.4000000000000004 8.8 3 0.048869219055841226 0.13264502315156904 0.07155849933176751
2.4000000000000004 8.8 3 0.08552113334772216 0.16231562043547265 0.0645771823237902
2.4000000000000004 8.8 3 0.08552113334772216 0.16231562043547265 0.0645771823237902
2.7 8.9 2.8000000000000003 0.06981317007977318 0.17453292519943295 0.03665191429188092
2.7 8.9 2.8000000000000003 0.027925268031909273 0.10995574287564276 -0.03316125578789226
2.7 8.8 2.6 0.027925268031909273 0.10995574287564276 -0.03316125578789226
2.3000000000000003 9 2.8000000000000003 -0.022689280275926284 0.06283185307179587 -0.10122909661567112
2.3000000000000003 9 2.8000000000000003 -0.022689280275926284 0.06283185307179587 -0.10122909661567112
1.9000000000000001 9 3 -0.0471238898038469 0.006981317007977318 -0.1117010721276371
1.9000000000000001 9 3 -0.0471238898038469 0.006981317007977318 -0.1117010721276371
1.9000000000000001 9 3 -0.0471238898038469 0.006981317007977318 -0.1117010721276371
1.9000000000000001 9 3 -0.05759586531581288 -0.008726646259971648 -0.08726646259971647
1.9000000000000001 9 3 -0.05759586531581288 -0.008726646259971648 -0.08726646259971647
1.9000000000000001 9 3 -0.05061454830783556 0.022689280275926284 -0.06283185307179587
1.9000000000000001 9 3 -0.05061454830783556 0.022689280275926284 -0.06283185307179587
1.9000000000000001 9.1 3 -0.05061454830783556 0.022689280275926284 -0.06283185307179587
1.9000000000000001 9.200000000000001 2.9000000000000004 -0.008726646259971648 0.061086523819801536 -0.022689280275926284
1.9000000000000001 9.200000000000001 2.9000000000000004 -0.008726646259971648 0.061086523819801536 -0.022689280275926284
2 9 2.8000000000000003 0.005235987755982989 0.06981317007977318 0.022689280275926284
2 9 2.8000000000000003 0.005235987755982989 0.06981317007977318 0.022689280275926284
2 9 2.8000000000000003 0.005235987755982989 0.06981317007977318 0.022689280275926284
2.2 9 2.9000000000000004 -0.017453292519943295 0.09773843811168245 0.03839724354387525
2.2 9 2.9000000000000004 -0.017453292519943295 0.09773843811168245 0.03839724354387525
2.3000000000000003 8.9 3 -0.03490658503988659 0.10646508437165411 0.03665191429188092
2.3000000000000003 8.9 3 -0.03490658503988659 0.10646508437165411 0.03665191429188092
2.4000000000000004 8.9 3.1 -0.03490658503988659 0.10646508437165411 0.03665191429188092
2.3000000000000003 8.9 3 -0.022689280275926284 0.07853981633974483 0
2.3000000000000003 8.9 3 -0.022689280275926284 0.07853981633974483 0
2.3000000000000003 8.9 3 -0.029670597283903602 0.03665191429188092 -0.04363323129985824
2.3000000000000003 8.9 3 -0.04363323129985824 0.017453292519943295 -0.0645771823237902
2 9 3.2 -0.04363323129985824 0.017453292519943295 -0.0645771823237902
1.7000000000000002 9 3.3000000000000003 -0.019198621771937624 0.027925268031909273 -0.05759586531581288
1.7000000000000002 9 3.3000000000000003 -0.019198621771937624 0.027925268031909273 -0.05759586531581288
1.9000000000000001 9.1 3.3000000000000003 0.019198621771937624 0.03665191429188092 -0.027925268031909273
1.9000000000000001 9.1 3.3000000000000003 0.019198621771937624 0.03665191429188092 -0.027925268031909273
1.9000000000000001 9 3 0.019198621771937624 0.03665191429188092 -0.027925268031909273
1.9000000000000001 9 3 0.048869219055841226 0.029670597283903602 -0.013962634015954637
1.9000000000000001 9 3 0.048869219055841226 0.029670597283903602 -0.013962634015954637
1.9000000000000001 9 2.8000000000000003 0.03665191429188092 0.020943951023931956 -0.013962634015954637
1.9000000000000001 9 2.8000000000000003 -0.008726646259971648 0 0.005235987755982989
1.9000000000000001 9 2.9000000000000004 -0.008726646259971648 0 0.005235987755982989
2.1 9 3.1 -0.019198621771937624 0.010471975511965978 0.010471975511965978
2.1 9 3.1 -0.019198621771937624 0.010471975511965978 0.010471975511965978
2.1 9 3.2 0.012217304763960306 0.03665191429188092 0.006981317007977318
2.1 9 3.2 0.04188790204786391 0.024434609527920613 0.003490658503988659
2.2 9 3.2 0.04188790204786391 0.024434609527920613 0.003490658503988659
2.2 9 3.2 0.04188790204786391 0.024434609527920613 0.003490658503988659
2.2 9 3.2 0.04188790204786391 0.024434609527920613 0.003490658503988659
2.3000000000000003 8.9 3 0.05061454830783556 0 -0.020943951023931956
2.1 9 2.9000000000000004 0.029670597283903602 -0.022689280275926284 -0.03839724354387525
2.1 9 2.9000000000000004 0.029670597283903602 -0.022689280275926284 -0.03839724354387525
2 9 3 0.006981317007977318 -0.022689280275926284 -0.04014257279586958
2 9 3 0.006981317007977318 -0.022689280275926284 -0.04014257279586958
2 9 2.9000000000000004 -0.003490658503988659 -0.027925268031909273 -0.03839724354387525
2 9 2.9000000000000004 -0.003490658503988659 -0.027925268031909273 -0.03839724354387525
2 9 2.9000000000000004 -0.003490658503988659 -0.027925268031909273 -0.03839724354387525
1.9000000000000001 9 2.9000000000000004 -0.026179938779914945 -0.06632251157578452 -0.03316125578789226
1.9000000000000001 9 2.9000000000000004 -0.026179938779914945 -0.06632251157578452 -0.03316125578789226
1.8 9.1 3.1 -0.061086523819801536 -0.10297442586766545 -0.03316125578789226
1.8 9.1 3.1 -0.0471238898038469 -0.11344640137963143 0.0017453292519943296
1.9000000000000001 9.1 3.3000000000000003 -0.0471238898038469 -0.11344640137963143 0.0017453292519943296
2 9 3.3000000000000003 0.010471975511965978 -0.059341194567807204 0.008726646259971648
2 9 3.3000000000000003 0.010471975511965978 -0.059341194567807204 0.008726646259971648
2 9 3.1 0.05585053606381855 -0.03316125578789226 0.013962634015954637
2 9 3.1 0.05585053606381855 -0.03316125578789226 0.013962634015954637
2.1 9 3.2 0.05585053606381855 -0.03316125578789226 0.013962634015954637
2.1 9 3.2 0.061086523819801536 -0.06632251157578452 0.013962634015954637
2.1 9 3.2 0.061086523819801536 -0.06632251157578452 0.013962634015954637
1.9000000000000001 9.1 3.2 0.0767944870877505 -0.10995574287564276 0.008726646259971648
2.1 9.200000000000001 3.4000000000000004 0.13264502315156904 -0.13962634015954636 0
2.1 9.200000000000001 3.4000000000000004 0.13264502315156904 -0.13962634015954636 0
2 9.3 3.4000000000000004 0.17976891295541594 -0.1832595714594046 -0.015707963267948967
2 9.3 3.4000000000000004 0.17976891295541594 -0.1832595714594046 -0.015707963267948967
1.6 9.200000000000001 2.6 0.29146998508305305 -0.5672320068981571 -0.013962634015954637
1.6 9.200000000000001 2.6 0.29146998508305305 -0.5672320068981571 -0.013962634015954637
1.4000000000000001 9.200000000000001 2.7 0.29146998508305305 -0.5672320068981571 -0.013962634015954637
1.4000000000000001 9.200000000000001 2.7 0.2111848394913139 -0.5148721293383273 0.08552113334772216
1.4000000000000001 9.200000000000001 2.7 0.2111848394913139 -0.5148721293383273 0.08552113334772216
1.6 9.5 3.8000000000000003 0.17627825445142728 -0.5410520681182421 0.24434609527920614
1.6 9.5 3.8000000000000003 0.2827433388230814 -0.778416846389471 0.45204027626653137
1.5 9.4 4.4 0.2827433388230814 -0.778416846389471 0.45204027626653137
2.1 9.5 5.300000000000001 0.5410520681182421 -0.9197885158010117 0.7382742735936014
2.1 9.5 5.300000000000001 0.5410520681182421 -0.9197885158010117 0.7382742735936014
4.3 9.4 4.7 0.8656833089891874 -0.9145525280450287 0.7923794804054256
4.3 9.4 4.7 0.8656833089891874 -0.9145525280450287 0.7923794804054256
5.1000000000000005 9.700000000000001 4.3 0.8656833089891874 -0.9145525280450287 0.7923794804054256
5.1000000000000005 9.700000000000001 4.3 1.0925761117484503 -0.8674286382411818 0.5445427266222308
5.1000000000000005 9.700000000000001 4.3 1.0925761117484503 -0.8674286382411818 0.5445427266222308
4.2 9.9 3.9000000000000004 1.2531464029319286 -1.0105456369047168 0.2670353755551324
4.2 9.9 3.9000000000000004 1.2531464029319286 -1.0105456369047168 0.2670353755551324
3.3000000000000003 9.9 3.3000000000000003 1.2531464029319286 -1.0105456369047168 0.2670353755551324
2.8000000000000003 9.4 2.5 1.4468779499032993 -1.171115928088195 0.158824961931484
2.8000000000000003 9.4 2.5 1.4468779499032993 -1.171115928088195 0.158824961931484
2.8000000000000003 9.4 2.5 1.5969762655748116 -1.160643952576229 0.16755160819145565
2.8000000000000003 9.4 2.5 1.6877333866785167 -1.0524335389525807 0.19024088846738194
2.6 9.4 1.4000000000000001 1.6877333866785167 -1.0524335389525807 0.19024088846738194
2.2 9.200000000000001 -0.5 1.6650441064025905 -1.2060225131280817 0.22514747350726852
2.2 9.200000000000001 -0.5 1.6650441064025905 -1.2060225131280817 0.22514747350726852
2 8.8 -1.5 1.3857914260834976 -0.7312929565856241 0.33161255787892263
2 8.8 -1.5 1.223475805648025 -0.3351032163829113 0.38571776469074687
2 8.8 -1.5 1.223475805648025 -0.3351032163829113 0.38571776469074687
2.6 8.200000000000001 -0.4 1.1152653920243767 -0.07155849933176751 0.3769911184307752
2.6 8.200000000000001 -0.4 1.1152653920243767 -0.07155849933176751 0.3769911184307752
2.6 8.200000000000001 -0.4 0.9878563566287906 0.13089969389957473 0.2984513020910304
2.6 8.200000000000001 -0.4 0.9756390518648302 -0.6003932626860494 0.21991148575128552
2.6 8.6 -0.6000000000000001 0.9756390518648302 -0.6003932626860494 0.21991148575128552
3 7.9 0.30000000000000004 1.0943214410004447 -0.6667157742618339 0.23212879051524585
3 7.9 0.30000000000000004 1.0943214410004447 -0.6667157742618339 0.23212879051524585
3.2 8 -0.6000000000000001 1.4119713648634127 -0.5619960191421741 0.19198621771937627
3.2 8 -0.6000000000000001 1.4119713648634127 -0.5619960191421741 0.19198621771937627
3.1 7.800000000000001 -1.8 1.4119713648634127 -0.5619960191421741 0.19198621771937627
3.1 7.800000000000001 -1.8 1.5358897417550101 0.026179938779914945 0.16580627893946132
3.1 7.800000000000001 -1.8 1.5358897417550101 0.026179938779914945 0.16580627893946132
3 8.3 -2.1 1.5533430342749532 0.27401669256310973 0.1710422666954443
3.1 7.9 -2.6 1.567305668290908 0.22863813201125718 0.20943951023931956
3.1 7.9 -2.6 1.567305668290908 0.22863813201125718 0.20943951023931956
4.2 8 -2.3000000000000003 1.5533430342749532 0.5637413483941685 0.23387411976724015
4.2 8 -2.3000000000000003 1.5533430342749532 0.5637413483941685 0.23387411976724015
5 7.800000000000001 -2.4000000000000004 1.7400932642383466 -0.09075712110370514 0.048869219055841226
5 7.800000000000001 -2.4000000000000004 1.7400932642383466 -0.09075712110370514 0.048869219055841226
2.7 8.4 -4.5 1.7400932642383466 -0.09075712110370514 0.048869219055841226
2.7 8.4 -4.5 1.768018532270256 -0.9232791743050004 -0.15533430342749532
2.7 8.4 -4.5 1.768018532270256 -0.9232791743050004 -0.15533430342749532
1.3 8.200000000000001 -3.6 1.6999506914424771 -0.6126105674500096 0.153588974175501
1.5 8.3 -3.2 1.9739673840055867 -0.8028514559173916 0.6091199089460211
1.5 8.3 -3.2 1.9739673840055867 -0.8028514559173916 0.6091199089460211
4.5 6.9 -5.800000000000001 2.0943951023931957 -1.4433872913993107 0.7365289443416071
4.5 6.9 -5.800000000000001 2.0943951023931957 -1.4433872913993107 0.7365289443416071
3.9000000000000004 7.300000000000001 -6.9 1.8849555921538759 -1.488765851951163 0.47472955654245763
3.9000000000000004 7.300000000000001 -6.9 1.8849555921538759 -1.488765851951163 0.47472955654245763
2.8000000000000003 7.2 -7 1.8849555921538759 -1.488765851951163 0.47472955654245763
2.8000000000000003 7.2 -7 1.6091935703387719 -1.1344640137963142 0.45029494701453704
2.8000000000000003 7.2 -7 1.6091935703387719 -1.1344640137963142 0.45029494701453704
2.3000000000000003 7 -6.7 1.3683381335635545 -0.6283185307179586 0.6719517620178169
3 6.9 -4.6000000000000005 1.3369222070276565 -0.7190756518216638 0.9354964790689606
3 6.9 -4.6000000000000005 1.3369222070276565 -0.7190756518216638 0.9354964790689606
4.6000000000000005 6.2 -6.2 1.4940018397071462 -1.3578661580515885 0.9215338450530061
4.6000000000000005 6.2 -6.2 1.4940018397071462 -1.3578661580515885 0.9215338450530061
5 6.2 -6.4 1.4730578886832142 -1.1903145498601329 0.6649704450098396
5 6.2 -6.4 1.4730578886832142 -1.1903145498601329 0.6649704450098396
4.3 6.2 -8.700000000000001 1.4730578886832142 -1.1903145498601329 0.6649704450098396
4.3 6.2 -8.700000000000001 1.3229595730117019 -0.7470009198535731 0.49218284906240095
4.3 6.2 -8.700000000000001 1.3229595730117019 -0.7470009198535731 0.49218284906240095
4.4 6.5 -7.2 0.8517206749732329 0.4677482395344803 0.3595378259108319
4.4 6.5 -7.2 0.7190756518216638 0.7819075048934596 0.23387411976724015
4.6000000000000005 6.2 -5.2 0.7190756518216638 0.7819075048934596 0.23387411976724015
4 6 -2.4000000000000004 1.1047934165124107 0.08203047484373349 0.09599310885968813
4 6 -2.4000000000000004 1.1047934165124107 0.08203047484373349 0.09599310885968813
4 6 -2.4000000000000004 1.5044738152191122 -0.6824237375297829 0.061086523819801536
4 6 -2.4000000000000004 1.8256143975860688 -1.1623892818282235 0.019198621771937624
2.3000000000000003 5.1000000000000005 -7.800000000000001 1.8256143975860688 -1.1623892818282235 0.019198621771937624
2.3000000000000003 5.1000000000000005 -7.800000000000001 2.012364627549462 -1.5254177662430441 -0.005235987755982989
2.3000000000000003 5.1000000000000005 -7.800000000000001 2.012364627549462 -1.5254177662430441 -0.005235987755982989
2.5 4.7 -9.700000000000001 1.7034413499464658 -1.2060225131280817 0.06806784082777885
2.5 4.7 -9.700000000000001 1.4451326206513049 -0.9093165402890457 0.07853981633974483
3.4000000000000004 4.4 -9 1.4451326206513049 -0.9093165402890457 0.07853981633974483
3 4.4 -8.200000000000001 1.101302758008422 -0.4118977034706618 0.003490658503988659
3 4.4 -8.200000000000001 1.101302758008422 -0.4118977034706618 0.003490658503988659
3 4.4 -8.200000000000001 0.8325220532012952 -0.37873644768276954 -0.0645771823237902
3 4.4 -8.200000000000001 0.8325220532012952 -0.37873644768276954 -0.0645771823237902
1.9000000000000001 4.2 -8.9 0.8325220532012952 -0.37873644768276954 -0.0645771823237902
2.1 4 -8.8 0.6021385919380438 -0.23911010752322315 0.10122909661567112
2.1 4 -8.8 0.6021385919380438 -0.23911010752322315 0.10122909661567112
2.7 4 -8.1 0.46949356878647464 0.05585053606381855 0.1884955592153876
2.7 4 -8.1 0.46949356878647464 0.05585053606381855 0.1884955592153876
2.9000000000000004 3.8000000000000003 -8 0.46949356878647464 0.05585053606381855 0.1884955592153876
2.1 3.9000000000000004 -8.8 0.47647488579445196 0.020943951023931956 0.153588974175501
2.1 3.9000000000000004 -8.8 0.47647488579445196 0.020943951023931956 0.153588974175501
2.1 3.9000000000000004 -8.8 0.4415683007545654 -0.22514747350726852 0.16057029118347832
2.1 3.9000000000000004 -8.8 0.2932153143350474 -0.31590459461097364 0.2670353755551324
2.5 4 -8.8 0.2932153143350474 -0.31590459461097364 0.2670353755551324
3.4000000000000004 3.7 -8.8 0.16580627893946132 -0.3543018381548489 0.24609142453120048
3.4000000000000004 3.7 -8.8 0.16580627893946132 -0.3543018381548489 0.24609142453120048
2.9000000000000004 3.9000000000000004 -8.9 0.07853981633974483 -0.38571776469074687 0.13089969389957473
2.9000000000000004 3.9000000000000004 -8.9 0.07853981633974483 -0.38571776469074687 0.13089969389957473
2.8000000000000003 4.1000000000000005 -9 0.07853981633974483 -0.38571776469074687 0.13089969389957473
3.2 3.8000000000000003 -8.3 -0.09250245035569947 -0.3420845333908886 0.11868238913561441
3.2 3.8000000000000003 -8.3 -0.09250245035569947 -0.3420845333908886 0.11868238913561441
3.2 3.8000000000000003 -8.3 -0.17976891295541594 -0.2722713633111154 0.03490658503988659
3.2 3.8000000000000003 -8.3 -0.16406094968746698 -0.1413716694115407 -0.0645771823237902
2.3000000000000003 3.9000000000000004 -8.3 -0.16406094968746698 -0.1413716694115407 -0.0645771823237902
1.3 4.1000000000000005 -8.200000000000001 -0.15533430342749532 -0.05235987755982989 -0.010471975511965978
1.3 4.1000000000000005 -8.200000000000001 -0.15533430342749532 -0.05235987755982989 -0.010471975511965978
1.7000000000000002 4.1000000000000005 -7.800000000000001 -0.09599310885968813 -0.1780235837034216 0.16231562043547265
1.7000000000000002 4.1000000000000005 -7.800000000000001 -0.09599310885968813 -0.1780235837034216 0.16231562043547265
2.4000000000000004 4 -8.4 -0.09599310885968813 -0.1780235837034216 0.16231562043547265
2.4000000000000004 4 -8.4 -0.020943951023931956 -0.30543261909900765 0.21642082724729686
2.4000000000000004 4 -8.4 -0.020943951023931956 -0.30543261909900765 0.21642082724729686
2.7 4 -8.8 -0.06632251157578452 -0.16929693744344998 0.15533430342749532
2.7 4 -8.8 -0.1832595714594046 0.06981317007977318 0.10122909661567112
2.4000000000000004 4.2 -8.5 -0.1832595714594046 0.06981317007977318 0.10122909661567112
2.3000000000000003 4.4 -7.800000000000001 -0.21467549799530253 0.08377580409572782 0.13962634015954636
2.3000000000000003 4.4 -7.800000000000001 -0.21467549799530253 0.08377580409572782 0.13962634015954636
2.9000000000000004 4.4 -7.1000000000000005 -0.10995574287564276 -0.05759586531581288 0.18500490071139894
2.9000000000000004 4.4 -7.1000000000000005 -0.10995574287564276 -0.05759586531581288 0.18500490071139894
3.1 4.2 -7.5 -0.10995574287564276 -0.05759586531581288 0.18500490071139894
3.1 4.2 -7.5 0.08726646259971647 -0.14835298641951802 0.1518436449235067
3.1 4.2 -7.5 0.08726646259971647 -0.14835298641951802 0.1518436449235067
2.7 4.4 -8.6 0.13089969389957473 -0.1117010721276371 0.13264502315156904
2.7 4.4 -8.6 0.031415926535897934 -0.03839724354387525 0.14835298641951802
2.7 4.4 -8.6 0.031415926535897934 -0.03839724354387525 0.14835298641951802
2.7 4.3 -8.200000000000001 -0.04188790204786391 0.003490658503988659 0.17976891295541594
2.7 4.3 -8.200000000000001 -0.04188790204786391 0.003490658503988659 0.17976891295541594
3.1 4.2 -8 -0.027925268031909273 -0.020943951023931956 0.2007128639793479
3.1 4.2 -8 -0.027925268031909273 -0.020943951023931956 0.2007128639793479
3.2 4.3 -7.800000000000001 -0.027925268031909273 -0.020943951023931956 0.2007128639793479
3.2 4.3 -7.800000000000001 0.03316125578789226 0.059341194567807204 0.14835298641951802
3.2 4.3 -7.800000000000001 0.03316125578789226 0.059341194567807204 0.14835298641951802
3.1 4.3 -7.5 0.12740903539558607 0.14311699866353503 0.14835298641951802
3.1 4.3 -7.5 0.2932153143350474 -0.12217304763960307 0.13264502315156904
3.3000000000000003 3.9000000000000004 -8 0.2932153143350474 -0.12217304763960307 0.13264502315156904
2.8000000000000003 4.2 -8.700000000000001 0.29670597283903605 -0.07155849933176751 0.09773843811168245
2.8000000000000003 4.2 -8.700000000000001 0.29670597283903605 -0.07155849933176751 0.09773843811168245
2.9000000000000004 4 -8.8 0.18500490071139894 0.07853981633974483 0.10646508437165411
2.9000000000000004 4 -8.8 0.18500490071139894 0.07853981633974483 0.10646508437165411
3.2 3.8000000000000003 -8.4 0.18500490071139894 0.07853981633974483 0.10646508437165411
3.2 3.8000000000000003 -8.4 0.12740903539558607 0.18500490071139894 0.03665191429188092
3.2 3.8000000000000003 -8.4 0.12740903539558607 0.18500490071139894 0.03665191429188092
3.2 3.8000000000000003 -8.4 0.12740903539558607 0.18500490071139894 0.03665191429188092
2.1 4.1000000000000005 -8.9 0.06632251157578452 0.10821041362364843 -0.03490658503988659
2.1 4.1000000000000005 -8.9 0.06632251157578452 0.10821041362364843 -0.03490658503988659
2.1 4.1000000000000005 -8.9 0.06632251157578452 0.10821041362364843 -0.03490658503988659
2.1 3.9000000000000004 -8.9 -0.05759586531581288 0.029670597283903602 0.08377580409572782
2.1 3.9000000000000004 -8.9 -0.05759586531581288 0.029670597283903602 0.08377580409572782
2.1 3.9000000000000004 -8.9 -0.05759586531581288 0.029670597283903602 0.08377580409572782
2.1 3.9000000000000004 -8.9 -0.05759586531581288 0.029670597283903602 0.08377580409572782
3.1 3.7 -7.9 -0.13962634015954636 0.09250245035569947 0.153588974175501
3.1 3.7 -7.9 -0.13962634015954636 0.09250245035569947 0.153588974175501
3.1 3.7 -7.9 -0.13962634015954636 0.09250245035569947 0.153588974175501
3.2 3.8000000000000003 -7.4 -0.005235987755982989 0.09773843811168245 0.059341194567807204
3.2 3.8000000000000003 -7.4 -0.005235987755982989 0.09773843811168245 0.059341194567807204
3.2 3.8000000000000003 -7.4 -0.005235987755982989 0.09773843811168245 0.059341194567807204
3.2 3.8000000000000003 -7.4 -0.005235987755982989 0.09773843811168245 0.059341194567807204
3.2 3.8000000000000003 -7.4 -0.005235987755982989 0.09773843811168245 0.059341194567807204
3.2 3.8000000000000003 -7.4 -0.005235987755982989 0.09773843811168245 0.059341194567807204
3.2 3.8000000000000003 -7.4 -0.005235987755982989 0.09773843811168245 0.059341194567807204
2.9000000000000004 3.9000000000000004 -7.800000000000001 0.15009831567151236 -0.04188790204786391 0
2.9000000000000004 3.9000000000000004 -7.800000000000001 0.15009831567151236 -0.04188790204786391 0
2.9000000000000004 3.9000000000000004 -7.800000000000001 0.15009831567151236 -0.04188790204786391 0
3 4 -8.200000000000001 0.22165681500327986 -0.20245819323134223 -0.026179938779914945
3 4 -8.200000000000001 0.22165681500327986 -0.20245819323134223 -0.026179938779914945
3 4 -8.200000000000001 0.22165681500327986 -0.20245819323134223 -0.026179938779914945
3 4 -8.200000000000001 0.17976891295541594 -0.1413716694115407 -0.013962634015954637
3 4 -8.200000000000001 0.17976891295541594 -0.1413716694115407 -0.013962634015954637
2.6 4 -9 0.17976891295541594 -0.1413716694115407 -0.013962634015954637
2.6 4 -9 0.17976891295541594 -0.1413716694115407 -0.013962634015954637
2.6 4 -8.8 0.04537856055185257 0.07504915783575618 0.03490658503988659
2.6 4 -8.8 0.04537856055185257 0.07504915783575618 0.03490658503988659
2.6 4 -8.8 0.04537856055185257 0.07504915783575618 0.03490658503988659
2.6 4 -8.8 0.04537856055185257 0.07504915783575618 0.03490658503988659
2.6 4 -8.8 0.04537856055185257 0.07504915783575618 0.03490658503988659
2.6 4 -8.8 0.04537856055185257 0.07504915783575618 0.03490658503988659
3 3.9000000000000004 -8.1 0.003490658503988659 0.0942477796076938 0.031415926535897934
3 3.9000000000000004 -8.1 0.003490658503988659 0.0942477796076938 0.031415926535897934
3 3.9000000000000004 -8.1 0.003490658503988659 0.0942477796076938 0.031415926535897934
3 3.9000000000000004 -8.1 0.003490658503988659 0.0942477796076938 0.031415926535897934
2.7 3.9000000000000004 -8.4 0.03490658503988659 0.05759586531581288 0.0017453292519943296
2.7 3.9000000000000004 -8.4 0.03490658503988659 0.05759586531581288 0.0017453292519943296
2.7 3.9000000000000004 -8.4 0.03490658503988659 0.05759586531581288 0.0017453292519943296
2.7 3.9000000000000004 -8.3 0.029670597283903602 0.0645771823237902 0.027925268031909273
2.7 3.9000000000000004 -8.3 0.029670597283903602 0.0645771823237902 0.027925268031909273
2.7 3.9000000000000004 -8.3 0.029670597283903602 0.0645771823237902 0.027925268031909273
2.9000000000000004 3.9000000000000004 -8.4 0.06981317007977318 -0.04537856055185257 0.03316125578789226
2.9000000000000004 3.9000000000000004 -8.4 0.06981317007977318 -0.04537856055185257 0.03316125578789226
2.9000000000000004 3.9000000000000004 -8.4 0.06981317007977318 -0.04537856055185257 0.03316125578789226
2.9000000000000004 3.9000000000000004 -8.4 0.06981317007977318 -0.04537856055185257 0.03316125578789226
3 3.9000000000000004 -8.5 0.06806784082777885 -0.04363323129985824 0.013962634015954637
3 3.9000000000000004 -8.5 0.06806784082777885 -0.04363323129985824 0.013962634015954637
3 3.9000000000000004 -8.5 0.06806784082777885 -0.04363323129985824 0.013962634015954637
3 3.9000000000000004 -8.5 0.06806784082777885 -0.04363323129985824 0.013962634015954637
3 3.9000000000000004 -8.5 0.06806784082777885 -0.04363323129985824 0.013962634015954637
3 3.9000000000000004 -8.5 0.06806784082777885 -0.04363323129985824 0.013962634015954637
2.9000000000000004 3.8000000000000003 -8.5 0.054105206811824215 0.006981317007977318 -0.019198621771937624
2.9000000000000004 3.8000000000000003 -8.5 0.054105206811824215 0.006981317007977318 -0.019198621771937624
2.9000000000000004 3.8000000000000003 -8.5 0.054105206811824215 0.006981317007977318 -0.019198621771937624
2.9000000000000004 3.8000000000000003 -8.5 0.054105206811824215 0.006981317007977318 -0.019198621771937624
2.6 3.8000000000000003 -8.700000000000001 0.04537856055185257 0.06806784082777885 -0.027925268031909273
2.6 3.8000000000000003 -8.700000000000001 0.04537856055185257 0.06806784082777885 -0.027925268031909273
2.6 3.8000000000000003 -8.700000000000001 0.04537856055185257 0.06806784082777885 -0.027925268031909273
2.8000000000000003 3.9000000000000004 -8.6 0.03490658503988659 0.008726646259971648 0.013962634015954637
2.8000000000000003 3.9000000000000004 -8.6 0.03490658503988659 0.008726646259971648 0.013962634015954637
2.8000000000000003 3.9000000000000004 -8.6 0.03490658503988659 0.008726646259971648 0.013962634015954637
3.1 3.8000000000000003 -8.6 0.03490658503988659 -0.024434609527920613 -0.006981317007977318
3.1 3.8000000000000003 -8.6 0.03490658503988659 -0.024434609527920613 -0.006981317007977318
3.1 3.8000000000000003 -8.6 0.03490658503988659 -0.024434609527920613 -0.006981317007977318
3.1 3.8000000000000003 -8.6 0.03490658503988659 -0.024434609527920613 -0.006981317007977318
3 3.7 -8.4 0.03839724354387525 0.012217304763960306 -0.05759586531581288
3 3.7 -8.4 0.03839724354387525 0.012217304763960306 -0.05759586531581288
3 3.7 -8.4 0.03839724354387525 0.012217304763960306 -0.05759586531581288
3 3.7 -8.4 0.03839724354387525 0.012217304763960306 -0.05759586531581288
3 3.7 -8.4 0.03839724354387525 0.012217304763960306 -0.05759586531581288
3 3.7 -8.4 0.03839724354387525 0.012217304763960306 -0.05759586531581288
2.7 3.8000000000000003 -8.3 0.06283185307179587 0.010471975511965978 -0.06283185307179587
2.7 3.8000000000000003 -8.3 0.06283185307179587 0.010471975511965978 -0.06283185307179587
2.7 3.8000000000000003 -8.3 0.06283185307179587 0.010471975511965978 -0.06283185307179587
2.7 3.8000000000000003 -8.3 0.06283185307179587 0.010471975511965978 -0.06283185307179587
2.7 3.8000000000000003 -8.8 0.07504915783575618 -0.048869219055841226 -0.03839724354387525
2.7 3.8000000000000003 -8.8 0.07504915783575618 -0.048869219055841226 -0.03839724354387525
2.7 3.8000000000000003 -8.8 0.07504915783575618 -0.048869219055841226 -0.03839724354387525
2.6 3.8000000000000003 -9 -0.0017453292519943296 -0.03839724354387525 -0.015707963267948967
2.6 3.8000000000000003 -9 -0.0017453292519943296 -0.03839724354387525 -0.015707963267948967
2.6 3.8000000000000003 -9 -0.0017453292519943296 -0.03839724354387525 -0.015707963267948967
2.6 3.8000000000000003 -9 -0.0017453292519943296 -0.03839724354387525 -0.015707963267948967
2.6 3.8000000000000003 -9 -0.0017453292519943296 -0.03839724354387525 -0.015707963267948967
2.6 3.8000000000000003 -9 -0.0017453292519943296 -0.03839724354387525 -0.015707963267948967
2.6 3.8000000000000003 -9 -0.0017453292519943296 -0.03839724354387525 -0.015707963267948967
2.8000000000000003 3.7 -8.4 -0.0645771823237902 -0.029670597283903602 0.006981317007977318
2.8000000000000003 3.7 -8.4 -0.0645771823237902 -0.029670597283903602 0.006981317007977318
2.8000000000000003 3.7 -8.4 -0.0645771823237902 -0.029670597283903602 0.006981317007977318
2.8000000000000003 3.7 -8.1 -0.029670597283903602 0.003490658503988659 0
2.8000000000000003 3.7 -8.1 -0.029670597283903602 0.003490658503988659 0
2.8000000000000003 3.7 -8.1 -0.029670597283903602 0.003490658503988659 0
2.8000000000000003 3.8000000000000003 -8.200000000000001 0.027925268031909273 -0.03490658503988659 -0.010471975511965978
2.8000000000000003 3.8000000000000003 -8.200000000000001 0.027925268031909273 -0.03490658503988659 -0.010471975511965978
2.8000000000000003 3.8000000000000003 -8.200000000000001 0.027925268031909273 -0.03490658503988659 -0.010471975511965978
2.8000000000000003 3.8000000000000003 -8.200000000000001 0.027925268031909273 -0.03490658503988659 -0.010471975511965978
2.7 3.8000000000000003 -8.8 0.010471975511965978 -0.05235987755982989 -0.013962634015954637
2.7 3.8000000000000003 -8.8 0.010471975511965978 -0.05235987755982989 -0.013962634015954637
2.7 3.8000000000000003 -8.8 0.010471975511965978 -0.05235987755982989 -0.013962634015954637
2.8000000000000003 3.8000000000000003 -8.3 -0.05061454830783556 0.05585053606381855 -0.012217304763960306
2.8000000000000003 3.8000000000000003 -8.3 -0.05061454830783556 0.05585053606381855 -0.012217304763960306
2.8000000000000003 3.8000000000000003 -8.3 -0.05061454830783556 0.05585053606381855 -0.012217304763960306
2.8000000000000003 3.8000000000000003 -8.3 -0.05061454830783556 0.05585053606381855 -0.012217304763960306
2.8000000000000003 3.8000000000000003 -8.3 -0.05061454830783556 0.05585053606381855 -0.012217304763960306
2.8000000000000003 3.8000000000000003 -8.3 -0.05061454830783556 0.05585053606381855 -0.012217304763960306
2.8000000000000003 3.8000000000000003 -8.3 -0.05061454830783556 0.05585053606381855 -0.012217304763960306
2.6 3.8000000000000003 -8.1 -0.019198621771937624 0.017453292519943295 -0.010471975511965978
2.6 3.8000000000000003 -8.1 -0.019198621771937624 0.017453292519943295 -0.010471975511965978
2.6 3.8000000000000003 -8.1 -0.019198621771937624 0.017453292519943295 -0.010471975511965978
2.7 3.7 -8.3 0.012217304763960306 0.0017453292519943296 0.019198621771937624
2.7 3.7 -8.3 0.012217304763960306 0.0017453292519943296 0.019198621771937624
2.7 3.7 -8.3 0.012217304763960306 0.0017453292519943296 0.019198621771937624
2.8000000000000003 3.8000000000000003 -8.3 0.015707963267948967 0.061086523819801536 0.03316125578789226
2.8000000000000003 3.8000000000000003 -8.3 0.015707963267948967 0.061086523819801536 0.03316125578789226
2.8000000000000003 3.8000000000000003 -8.3 0.015707963267948967 0.061086523819801536 0.03316125578789226
2.8000000000000003 3.8000000000000003 -8.3 0.015707963267948967 0.061086523819801536 0.03316125578789226
3.1 3.8000000000000003 -8.3 0.04014257279586958 0.019198621771937624 -0.003490658503988659
3.1 3.8000000000000003 -8.3 0.04014257279586958 0.019198621771937624 -0.003490658503988659
3.1 3.8000000000000003 -8.3 0.04014257279586958 0.019198621771937624 -0.003490658503988659
2.6 3.8000000000000003 -8.8 0.027925268031909273 0.0017453292519943296 -0.054105206811824215
2.6 3.8000000000000003 -8.8 0.027925268031909273 0.0017453292519943296 -0.054105206811824215
2.6 3.8000000000000003 -8.8 0.027925268031909273 0.0017453292519943296 -0.054105206811824215
2.6 3.8000000000000003 -8.8 0.027925268031909273 0.0017453292519943296 -0.054105206811824215
2.6 3.8000000000000003 -8.8 0.027925268031909273 0.0017453292519943296 -0.054105206811824215
2.6 3.8000000000000003 -8.8 0.027925268031909273 0.0017453292519943296 -0.054105206811824215
2.6 3.8000000000000003 -8.8 0.027925268031909273 0.0017453292519943296 -0.054105206811824215
2.5 3.8000000000000003 -8.5 -0.022689280275926284 0.024434609527920613 -0.029670597283903602
2.5 3.8000000000000003 -8.5 -0.022689280275926284 0.024434609527920613 -0.029670597283903602
2.5 3.8000000000000003 -8.5 -0.022689280275926284 0.024434609527920613 -0.029670597283903602
2.2 3.8000000000000003 -8.4 -0.005235987755982989 0.04014257279586958 -0.020943951023931956
2.2 3.8000000000000003 -8.4 -0.005235987755982989 0.04014257279586958 -0.020943951023931956
2.2 3.8000000000000003 -8.4 -0.005235987755982989 0.04014257279586958 -0.020943951023931956
1.7000000000000002 3.7 -8.5 0.024434609527920613 0.005235987755982989 0.012217304763960306
1.7000000000000002 3.7 -8.5 0.024434609527920613 0.005235987755982989 0.012217304763960306
1.7000000000000002 3.7 -8.5 0.024434609527920613 0.005235987755982989 0.012217304763960306
1.7000000000000002 3.7 -8.5 0.024434609527920613 0.005235987755982989 0.012217304763960306
1.4000000000000001 4 -8.8 0.048869219055841226 -0.0017453292519943296 0.04188790204786391
1.4000000000000001 4 -8.8 0.048869219055841226 -0.0017453292519943296 0.04188790204786391
1.4000000000000001 4 -8.8 0.048869219055841226 -0.0017453292519943296 0.04188790204786391
1.4000000000000001 4 -8.8 0.048869219055841226 -0.0017453292519943296 0.04188790204786391
1.4000000000000001 4 -8.8 0.048869219055841226 -0.0017453292519943296 0.04188790204786391
1.4000000000000001 4 -8.8 0.048869219055841226 -0.0017453292519943296 0.04188790204786391
0.7000000000000001 4.1000000000000005 -9.4 0.07330382858376185 -0.027925268031909273 0.029670597283903602
0.7000000000000001 4.1000000000000005 -9.4 0.07330382858376185 -0.027925268031909273 0.029670597283903602
0.7000000000000001 4.1000000000000005 -9.4 0.07330382858376185 -0.027925268031909273 0.029670597283903602
0.7000000000000001 4.1000000000000005 -9.4 0.07330382858376185 -0.027925268031909273 0.029670597283903602
0.6000000000000001 4.1000000000000005 -9.4 0.03490658503988659 0.04188790204786391 0.031415926535897934
0.6000000000000001 4.1000000000000005 -9.4 0.03490658503988659 0.04188790204786391 0.031415926535897934
0.6000000000000001 4.1000000000000005 -9.4 0.03490658503988659 0.04188790204786391 0.031415926535897934
0 3.9000000000000004 -9.4 0.022689280275926284 0.03665191429188092 -0.07853981633974483
0 3.9000000000000004 -9.4 0.022689280275926284 0.03665191429188092 -0.07853981633974483
0 3.9000000000000004 -9.4 0.022689280275926284 0.03665191429188092 -0.07853981633974483
-1.1 4.1000000000000005 -9.5 -0.013962634015954637 0.05585053606381855 -0.12042771838760874
-1.1 4.1000000000000005 -9.5 -0.013962634015954637 0.05585053606381855 -0.12042771838760874
-1.1 4.1000000000000005 -9.5 -0.013962634015954637 0.05585053606381855 -0.12042771838760874
-1.1 4.1000000000000005 -9.5 -0.013962634015954637 0.05585053606381855 -0.12042771838760874
-1.8 4.2 -8.9 -0.022689280275926284 0.07330382858376185 -0.04014257279586958
-1.8 4.2 -8.9 -0.022689280275926284 0.07330382858376185 -0.04014257279586958
-1.8 4.2 -8.9 -0.022689280275926284 0.07330382858376185 -0.04014257279586958
-1.8 4.2 -8.9 -0.022689280275926284 0.07330382858376185 -0.04014257279586958
-1.8 4.2 -8.9 -0.022689280275926284 0.07330382858376185 -0.04014257279586958
-1.8 4.2 -8.9 -0.022689280275926284 0.07330382858376185 -0.04014257279586958
-2.2 4.3 -8.3 0.15009831567151236 -0.027925268031909273 0.1117010721276371
-2.2 4.3 -8.3 0.15009831567151236 -0.027925268031909273 0.1117010721276371
-2.2 4.3 -8.3 0.15009831567151236 -0.027925268031909273 0.1117010721276371
-2.2 4.3 -8.3 0.15009831567151236 -0.027925268031909273 0.1117010721276371
-2.9000000000000004 4.5 -9.4 0.5270894341022876 -0.3700098014227979 0.26005405854715513
-2.9000000000000004 4.5 -9.4 0.5270894341022876 -0.3700098014227979 0.26005405854715513
-2.9000000000000004 4.5 -9.4 0.5270894341022876 -0.3700098014227979 0.26005405854715513
-3.4000000000000004 5.2 -11.9 0.8377580409572782 -0.7051130178057091 0.3769911184307752
-3.4000000000000004 5.2 -11.9 0.8377580409572782 -0.7051130178057091 0.3769911184307752
-3.4000000000000004 5.2 -11.9 0.8377580409572782 -0.7051130178057091 0.3769911184307752
-4.2 6 -14.3 0.8639379797371931 -0.9128071987930344 0.38397243543875254
-4.2 6 -14.3 0.8639379797371931 -0.9128071987930344 0.38397243543875254
-4.2 6 -14.3 0.8639379797371931 -0.9128071987930344 0.38397243543875254
-4.2 6 -14.3 0.8639379797371931 -0.9128071987930344 0.38397243543875254
-3.2 5.800000000000001 -14.200000000000001 0.7033676885537148 -1.1641346110802178 0.21642082724729686
-3.2 5.800000000000001 -14.200000000000001 0.7033676885537148 -1.1641346110802178 0.21642082724729686
-3.2 5.800000000000001 -14.200000000000001 0.7033676885537148 -1.1641346110802178 0.21642082724729686
-3.2 5.800000000000001 -14.200000000000001 0.7033676885537148 -1.1641346110802178 0.21642082724729686
-3.2 5.800000000000001 -14.200000000000001 0.7033676885537148 -1.1641346110802178 0.21642082724729686
-3.2 5.800000000000001 -14.200000000000001 0.7033676885537148 -1.1641346110802178 0.21642082724729686
-3.2 5.800000000000001 -14.200000000000001 0.6021385919380438 -1.4870205226991688 -0.14486232791552936
-3.2 5.800000000000001 -14.200000000000001 0.6021385919380438 -1.4870205226991688 -0.14486232791552936
-2.2 5.1000000000000005 -13.8 0.6021385919380438 -1.4870205226991688 -0.14486232791552936
-2.2 5.1000000000000005 -13.8 0.6021385919380438 -1.4870205226991688 -0.14486232791552936
-3.1 4.2 -13.3 0.3961897402027128 -1.5358897417550101 -0.5113814708343386
-3.1 4.2 -13.3 0.3961897402027128 -1.5358897417550101 -0.5113814708343386
-3.1 4.2 -13.3 0.3961897402027128 -1.5358897417550101 -0.5113814708343386
-1.8 2.3000000000000003 -10.600000000000001 0.1518436449235067 -1.5079644737231008 -0.5253441048502933
-1.8 2.3000000000000003 -10.600000000000001 0.1518436449235067 -1.5079644737231008 -0.5253441048502933
-1.8 2.3000000000000003 -10.600000000000001 0.1518436449235067 -1.5079644737231008 -0.5253441048502933
-1.8 2.3000000000000003 -10.600000000000001 0.19024088846738194 -0.8744099552491591 -0.23387411976724015
-1.8 2.3000000000000003 -10.600000000000001 0.19024088846738194 -0.8744099552491591 -0.23387411976724015
-2 1 -6.800000000000001 0.19024088846738194 -0.8744099552491591 -0.23387411976724015
-2 1 -6.800000000000001 0.19024088846738194 -0.8744099552491591 -0.23387411976724015
-0.4 0.5 -3.4000000000000004 0.7627088831215221 -0.1466076571675237 0.9005898940290741
-0.4 0.5 -3.4000000000000004 0.7627088831215221 -0.1466076571675237 0.9005898940290741
-0.4 0.5 -3.4000000000000004 0.7627088831215221 -0.1466076571675237 0.9005898940290741
-0.4 0.5 -3.4000000000000004 0.7627088831215221 -0.1466076571675237 0.9005898940290741
-0.4 0.5 -3.4000000000000004 0.7627088831215221 -0.1466076571675237 0.9005898940290741
-0.4 0.5 -3.4000000000000004 0.7627088831215221 -0.1466076571675237 0.9005898940290741
4 -0.4 -4.7 1.5289084247470328 0.24085543677521748 2.157226955464991
4 -0.4 -4.7 1.5289084247470328 0.24085543677521748 2.157226955464991
4 -0.4 -4.7 1.5289084247470328 0.24085543677521748 2.157226955464991
4 -0.4 -4.7 1.5289084247470328 0.24085543677521748 2.157226955464991
5.2 -1.5 -7.7 1.5812683023068625 0.47647488579445196 3.1764992386296798
5.2 -1.5 -7.7 1.5812683023068625 0.47647488579445196 3.1764992386296798
5.2 -1.5 -7.7 1.5812683023068625 0.47647488579445196 3.1764992386296798
8.4 -3 -5.800000000000001 1.1135200627723822 0.7976154681614086 4.019493267342941
8.4 -3 -5.800000000000001 1.1135200627723822 0.7976154681614086 4.019493267342941
8.4 -3 -5.800000000000001 1.1135200627723822 0.7976154681614086 4.019493267342941
10.8 -4.800000000000001 -2.7 1.233947781159991 0.8883725892651138 4.2812926551420905
10.8 -4.800000000000001 -2.7 1.233947781159991 0.8883725892651138 4.2812926551420905
10.8 -4.800000000000001 -2.7 1.233947781159991 0.8883725892651138 4.2812926551420905
10.8 -4.800000000000001 -2.7 1.233947781159991 0.8883725892651138 4.2812926551420905
15.9 -4.3 -3.8000000000000003 1.8517943363659837 0.5567600313861911 4.071853144902771
15.9 -4.3 -3.8000000000000003 1.8517943363659837 0.5567600313861911 4.071853144902771
15.9 -4.3 -3.8000000000000003 1.8517943363659837 0.5567600313861911 4.071853144902771
15.9 -4.3 -3.8000000000000003 1.8517943363659837 0.5567600313861911 4.071853144902771
15.9 -4.3 -3.8000000000000003 1.8517943363659837 0.5567600313861911 4.071853144902771
15.9 -4.3 -3.8000000000000003 1.8517943363659837 0.5567600313861911 4.071853144902771
15.9 -4.3 -3.8000000000000003 2.1537362969610028 0.1884955592153876 3.1049407392979123
15.9 -4.3 -3.8000000000000003 2.1537362969610028 0.1884955592153876 3.1049407392979123
19.3 -0.1 -10.5 2.1537362969610028 0.1884955592153876 3.1049407392979123
19.3 -0.1 -10.5 2.1537362969610028 0.1884955592153876 3.1049407392979123
20.900000000000002 1.2000000000000002 -16.3 1.0576695267085636 0.14311699866353503 1.4590952546672595
20.900000000000002 1.2000000000000002 -16.3 1.0576695267085636 0.14311699866353503 1.4590952546672595
20.900000000000002 1.2000000000000002 -16.3 1.0576695267085636 0.14311699866353503 1.4590952546672595
16.7 -1.4000000000000001 -12 -0.5393067388662478 0.3420845333908886 -0.5375614096142535
16.7 -1.4000000000000001 -12 -0.5393067388662478 0.3420845333908886 -0.5375614096142535
16.7 -1.4000000000000001 -12 -0.5393067388662478 0.3420845333908886 -0.5375614096142535
16.7 -1.4000000000000001 -12 -0.5393067388662478 0.3420845333908886 -0.5375614096142535
16.7 -1.4000000000000001 -12 -0.5393067388662478 0.3420845333908886 -0.5375614096142535
8 -3 -7.300000000000001 -0.5393067388662478 0.3420845333908886 -0.5375614096142535
8 -3 -7.300000000000001 -0.5393067388662478 0.3420845333908886 -0.5375614096142535
8 -3 -7.300000000000001 -1.1135200627723822 0.0890117918517108 -1.7523105690023069
8 -3 -7.300000000000001 -1.1135200627723822 0.0890117918517108 -1.7523105690023069
8 -3 -7.300000000000001 -1.1135200627723822 0.0890117918517108 -1.7523105690023069
4.1000000000000005 -3.9000000000000004 -3.7 -1.1571532940722404 -0.03316125578789226 -1.8832102629018816
4.1000000000000005 -3.9000000000000004 -3.7 -1.1571532940722404 -0.03316125578789226 -1.8832102629018816
4.1000000000000005 -3.9000000000000004 -3.7 -1.1571532940722404 -0.03316125578789226 -1.8832102629018816
5.1000000000000005 -2.6 -2.2 -0.5358160803622591 0.026179938779914945 -1.5585790220309363
5.1000000000000005 -2.6 -2.2 -0.5358160803622591 0.026179938779914945 -1.5585790220309363
5.1000000000000005 -2.6 -2.2 -0.5358160803622591 0.026179938779914945 -1.5585790220309363
5.1000000000000005 -2.6 -2.2 -0.5358160803622591 0.026179938779914945 -1.5585790220309363
12 -2.3000000000000003 -5.4 0.2478367537831948 -0.6492624817418906 -1.3107422682477414
12 -2.3000000000000003 -5.4 0.2478367537831948 -0.6492624817418906 -1.3107422682477414
12 -2.3000000000000003 -5.4 0.2478367537831948 -0.6492624817418906 -1.3107422682477414
17 -2.9000000000000004 -8.8 0.16057029118347832 -1.3002702927357754 -1.5446163880149817
17 -2.9000000000000004 -8.8 0.16057029118347832 -1.3002702927357754 -1.5446163880149817
17 -2.9000000000000004 -8.8 0.16057029118347832 -1.3002702927357754 -1.5446163880149817
17 -2.9000000000000004 -8.8 0.16057029118347832 -1.3002702927357754 -1.5446163880149817
17 -2.9000000000000004 -8.8 0.16057029118347832 -1.3002702927357754 -1.5446163880149817
17 -2.9000000000000004 -8.8 0.16057029118347832 -1.3002702927357754 -1.5446163880149817
17 -2.9000000000000004 -8.8 0.16057029118347832 -1.3002702927357754 -1.5446163880149817
16.400000000000002 -4.800000000000001 -11.700000000000001 -0.5427973973702365 -1.9582594207376378 -1.9181168479417683
16.400000000000002 -4.800000000000001 -11.700000000000001 -0.5427973973702365 -1.9582594207376378 -1.9181168479417683
16.400000000000002 -4.800000000000001 -11.700000000000001 -0.5427973973702365 -1.9582594207376378 -1.9181168479417683
13.4 -5.7 -10.8 -1.7243853009703975 -1.13271868454432 -2.2898719786165604
13.4 -5.7 -10.8 -1.7243853009703975 -1.13271868454432 -2.2898719786165604
13.4 -5.7 -10.8 -1.7243853009703975 -1.13271868454432 -2.2898719786165604
6.300000000000001 -5.2 -5 -2.192133540504878 0.43458698374658805 -2.4975661596038856
6.300000000000001 -5.2 -5 -2.192133540504878 0.43458698374658805 -2.4975661596038856
6.300000000000001 -5.2 -5 -2.192133540504878 0.43458698374658805 -2.4975661596038856
6.300000000000001 -5.2 -5 -2.192133540504878 0.43458698374658805 -2.4975661596038856
-0.30000000000000004 -2.3000000000000003 -3 -1.551597705022959 0.6736970912698113 -1.7243853009703975
-0.30000000000000004 -2.3000000000000003 -3 -1.551597705022959 0.6736970912698113 -1.7243853009703975
-0.30000000000000004 -2.3000000000000003 -3 -1.551597705022959 0.6736970912698113 -1.7243853009703975
-1.2000000000000002 -1 -5.4 -0.5707226654021458 -0.013962634015954637 -0.7941248096574199
-1.2000000000000002 -1 -5.4 -0.5707226654021458 -0.013962634015954637 -0.7941248096574199
-1.2000000000000002 -1 -5.4 -0.5707226654021458 -0.013962634015954637 -0.7941248096574199
-1.2000000000000002 -1 -5.4 -0.5707226654021458 -0.013962634015954637 -0.7941248096574199
-1.2000000000000002 -1 -5.4 -0.5707226654021458 -0.013962634015954637 -0.7941248096574199
-1.2000000000000002 -1 -5.4 -0.5707226654021458 -0.013962634015954637 -0.7941248096574199
-1.2000000000000002 -1 -5.4 -0.5707226654021458 -0.013962634015954637 -0.7941248096574199
-1.5 1.2000000000000002 -9.3 -0.13089969389957473 0.09250245035569947 -0.4223696789826278
-1.5 1.2000000000000002 -9.3 -0.13089969389957473 0.09250245035569947 -0.4223696789826278
-1.5 1.2000000000000002 -9.3 -0.13089969389957473 0.09250245035569947 -0.4223696789826278
-4.6000000000000005 2.9000000000000004 -12.700000000000001 -0.32637657012293964 0.7470009198535731 -0.5811946409141118
-4.6000000000000005 2.9000000000000004 -12.700000000000001 -0.32637657012293964 0.7470009198535731 -0.5811946409141118
-4.6000000000000005 2.9000000000000004 -12.700000000000001 -0.32637657012293964 0.7470009198535731 -0.5811946409141118
-8.1 3.3000000000000003 -13.8 -0.8203047484373349 1.1763519158441782 -0.6544984694978736
-8.1 3.3000000000000003 -13.8 -0.8203047484373349 1.1763519158441782 -0.6544984694978736
-8.1 3.3000000000000003 -13.8 -0.8203047484373349 1.1763519158441782 -0.6544984694978736
-8.1 3.3000000000000003 -13.8 -0.8203047484373349 1.1763519158441782 -0.6544984694978736
-10.8 4.5 -12.9 -1.254891732183923 1.3578661580515885 -0.4363323129985824
-10.8 4.5 -12.9 -1.254891732183923 1.3578661580515885 -0.4363323129985824
-10.8 4.5 -12.9 -1.254891732183923 1.3578661580515885 -0.4363323129985824
-9.8 4.1000000000000005 -10.700000000000001 -1.3473941825396225 1.171115928088195 0.019198621771937624
-9.8 4.1000000000000005 -10.700000000000001 -1.3473941825396225 1.171115928088195 0.019198621771937624
-9.8 4.1000000000000005 -10.700000000000001 -1.3473941825396225 1.171115928088195 0.019198621771937624
-9.8 4.1000000000000005 -10.700000000000001 -1.3473941825396225 1.171115928088195 0.019198621771937624
-9.8 4.1000000000000005 -10.700000000000001 -1.3473941825396225 1.171115928088195 0.019198621771937624
-9.8 4.1000000000000005 -10.700000000000001 -1.3473941825396225 1.171115928088195 0.019198621771937624
-9.8 4.1000000000000005 -10.700000000000001 -1.3473941825396225 1.171115928088195 0.019198621771937624
-7.1000000000000005 4.3 -10.100000000000001 -1.13271868454432 0.9477137838329209 0.18675022996339327
-7.1000000000000005 4.3 -10.100000000000001 -1.13271868454432 0.9477137838329209 0.18675022996339327
