0.2 7.800000000000001 6.6000000000000005 1.038470904936626 -0.29146998508305305 -0.1780235837034216
-1 8 4.5 1.2042771838760875 -0.13962634015954636 -0.30543261909900765
-1 8 4.5 1.2042771838760875 -0.13962634015954636 -0.30543261909900765
-1 8 4.5 1.2042771838760875 -0.13962634015954636 -0.30543261909900765
-0.5 8 4.1000000000000005 1.0471975511965979 -0.1518436449235067 -0.19198621771937627
-0.5 8 4.1000000000000005 1.0471975511965979 -0.1518436449235067 -0.19198621771937627
0.1 8 4 0.8831366015091308 -0.158824961931484 -0.22165681500327986
-0.4 8 3.3000000000000003 0.7330382858376184 0.003490658503988659 -0.312413936106985
-0.4 8 3.3000000000000003 0.7330382858376184 0.003490658503988659 -0.312413936106985
-0.5 8.1 2.8000000000000003 0.4834562028024293 0.18500490071139894 -0.3036872898470134
-0.5 8.1 2.8000000000000003 0.4834562028024293 0.18500490071139894 -0.3036872898470134
-0.7000000000000001 8 2.8000000000000003 0.1710422666954443 0.34557519189487723 -0.3036872898470134
-0.7000000000000001 8 2.8000000000000003 0.1710422666954443 0.34557519189487723 -0.3036872898470134
-0.7000000000000001 8 2.8000000000000003 0.1710422666954443 0.34557519189487723 -0.3036872898470134
-1.1 8 3.7 -0.031415926535897934 0.4328416544945937 -0.25132741228718347
-1.1 8 3.7 -0.031415926535897934 0.4328416544945937 -0.25132741228718347
-0.9 8 4.3 -0.054105206811824215 0.34382986264288296 -0.17278759594743862
-0.8 8.1 4.4 0.008726646259971648 0.22514747350726852 -0.15533430342749532
-0.8 8.1 4.4 0.008726646259971648 0.22514747350726852 -0.15533430342749532
-0.7000000000000001 8.200000000000001 4.4 0.06806784082777885 0.13439035240356337 -0.14835298641951802
-0.7000000000000001 8.200000000000001 4.4 0.06806784082777885 0.13439035240356337 -0.14835298641951802
-0.7000000000000001 8.200000000000001 4.4 0.06806784082777885 0.13439035240356337 -0.14835298641951802
-0.6000000000000001 8.3 4.1000000000000005 0.059341194567807204 0.11344640137963143 -0.1291543646475804
-0.6000000000000001 8.3 4.1000000000000005 0.059341194567807204 0.11344640137963143 -0.1291543646475804
-0.7000000000000001 8.3 4.1000000000000005 -0.013962634015954637 0.18675022996339327 -0.11693705988362008
-0.7000000000000001 8.3 4.1000000000000005 -0.013962634015954637 0.18675022996339327 -0.11693705988362008
-0.6000000000000001 8.4 4.3 -0.09773843811168245 0.2007128639793479 -0.09250245035569947
-0.9 8.5 4.6000000000000005 -0.09773843811168245 0.2007128639793479 -0.09250245035569947
-0.9 8.5 4.6000000000000005 -0.09773843811168245 0.2007128639793479 -0.09250245035569947
-0.9 8.5 4.6000000000000005 -0.153588974175501 0.23561944901923448 -0.0942477796076938
-0.9 8.5 4.6000000000000005 -0.153588974175501 0.23561944901923448 -0.0942477796076938
-0.6000000000000001 8.4 5 -0.12042771838760874 0.2234021442552742 -0.07155849933176751
-0.7000000000000001 8.5 4.6000000000000005 -0.04188790204786391 0.20245819323134223 -0.09948376736367678
-0.7000000000000001 8.5 4.6000000000000005 -0.04188790204786391 0.20245819323134223 -0.09948376736367678
-1.1 8.700000000000001 4.3 -0.07155849933176751 0.20245819323134223 -0.08726646259971647
-1.1 8.700000000000001 4.3 -0.07155849933176751 0.20245819323134223 -0.08726646259971647
-1 8.700000000000001 4.5 -0.1361356816555577 0.10995574287564276 -0.04363323129985824
-0.7000000000000001 8.700000000000001 4.800000000000001 -0.1361356816555577 0.10995574287564276 -0.04363323129985824
-0.7000000000000001 8.700000000000001 4.800000000000001 -0.1361356816555577 0.10995574287564276 -0.04363323129985824
-0.7000000000000001 8.700000000000001 4.800000000000001 -0.13089969389957473 0.1832595714594046 -0.0471238898038469
-0.7000000000000001 8.700000000000001 4.800000000000001 -0.13089969389957473 0.1832595714594046 -0.0471238898038469
-0.9 8.5 4.9 -0.10646508437165411 0.16929693744344998 -0.06632251157578452
-0.7000000000000001 8.5 5.2 -0.04014257279586958 0.07330382858376185 -0.059341194567807204
-0.7000000000000001 8.5 5.2 -0.04014257279586958 0.07330382858376185 -0.059341194567807204
-0.5 8.4 5.1000000000000005 0.059341194567807204 0.026179938779914945 -0.08028514559173916
-0.5 8.4 5.1000000000000005 0.059341194567807204 0.026179938779914945 -0.08028514559173916
-0.5 8.3 4.3 0.08726646259971647 0.07853981633974483 -0.11344640137963143
0.1 7.9 4.1000000000000005 0.08726646259971647 0.07853981633974483 -0.11344640137963143
0.1 7.9 4.1000000000000005 0.08726646259971647 0.07853981633974483 -0.11344640137963143
0.1 7.9 4.1000000000000005 -0.012217304763960306 0.08552113334772216 -0.16929693744344998
0.1 7.9 4.1000000000000005 -0.012217304763960306 0.08552113334772216 -0.16929693744344998
0 7.6000000000000005 4.1000000000000005 -0.10995574287564276 0.14835298641951802 -0.3403392041388943
-0.6000000000000001 7.5 4.6000000000000005 -0.1710422666954443 0.1361356816555577 -0.4328416544945937
-0.6000000000000001 7.5 4.6000000000000005 -0.1710422666954443 0.1361356816555577 -0.4328416544945937
-1.1 7.7 4.2 -0.07330382858376185 0.0890117918517108 -0.4642575810304917
-1.1 7.7 4.2 -0.07330382858376185 0.0890117918517108 -0.4642575810304917
-1 7.9 3.7 -0.07330382858376185 0.153588974175501 -0.4729842272904633
-0.4 7.7 3.5 -0.07330382858376185 0.153588974175501 -0.4729842272904633
-0.4 7.7 3.5 -0.07330382858376185 0.153588974175501 -0.4729842272904633
-0.4 7.7 3.5 -0.19373154697137057 0.34382986264288296 -0.5619960191421741
-0.4 7.7 3.5 -0.19373154697137057 0.34382986264288296 -0.5619960191421741
-1.3 8 4.6000000000000005 -0.33859387488689996 0.39444441095071847 -0.773180858633488
-2.5 8.4 5.4 -0.24958208303518914 0.48171087355043496 -0.8011061266653973
-2.5 8.4 5.4 -0.24958208303518914 0.48171087355043496 -0.8011061266653973
-3.2 9.1 4.5 -0.10471975511965978 0.36826447217080355 -0.6544984694978736
-3.2 9.1 4.5 -0.10471975511965978 0.36826447217080355 -0.6544984694978736
-2.7 9.4 4.6000000000000005 -0.13788101090755203 0.09773843811168245 -0.6265732014659643
-2.7 9.4 4.6000000000000005 -0.13788101090755203 0.09773843811168245 -0.6265732014659643
-2.7 9.4 4.6000000000000005 -0.13788101090755203 0.09773843811168245 -0.6265732014659643
-2.5 9.3 4.7 -0.16755160819145565 0.16406094968746698 -0.6370451769779303
-2.5 9.3 4.7 -0.16755160819145565 0.16406094968746698 -0.6370451769779303
-2.5 9.600000000000001 4.5 -0.22165681500327986 0.3193952531149623 -0.7103490055616921
-3.1 10 4.1000000000000005 -0.31066860685499065 0.5288347633542818 -0.8639379797371931
-3.1 10 4.1000000000000005 -0.31066860685499065 0.5288347633542818 -0.8639379797371931
-3.9000000000000004 10.600000000000001 4.800000000000001 -0.4241150082346221 0.7068583470577035 -1.0053096491487339
-3.9000000000000004 10.600000000000001 4.800000000000001 -0.4241150082346221 0.7068583470577035 -1.0053096491487339
-5.1000000000000005 11.600000000000001 6.1000000000000005 -0.29146998508305305 0.7470009198535731 -1.0506882097005865
-5.1000000000000005 11.600000000000001 6.1000000000000005 -0.29146998508305305 0.7470009198535731 -1.0506882097005865
-5.1000000000000005 11.600000000000001 6.1000000000000005 -0.29146998508305305 0.7470009198535731 -1.0506882097005865
-6.9 13.100000000000001 5.9 0.07155849933176751 0.778416846389471 -0.8866272600131194
-6.9 13.100000000000001 5.9 0.07155849933176751 0.778416846389471 -0.8866272600131194
-6.4 15.200000000000001 5.7 0.4642575810304917 0.7958701389094143 -0.6928957130417488
-6 16.900000000000002 4 0.6981317007977318 0.8988445647770797 -0.8272860654453122
-6 16.900000000000002 4 0.6981317007977318 0.8988445647770797 -0.8272860654453122
-8 17.900000000000002 5.300000000000001 0.6492624817418906 1.3840460968315034 -1.1571532940722404
-8 17.900000000000002 5.300000000000001 0.6492624817418906 1.3840460968315034 -1.1571532940722404
-11.600000000000001 18.8 8.200000000000001 0.9599310885968813 1.8832102629018816 -1.3089969389957472
-11.600000000000001 18.8 8.200000000000001 0.9599310885968813 1.8832102629018816 -1.3089969389957472
-11.600000000000001 18.8 8.200000000000001 0.9599310885968813 1.8832102629018816 -1.3089969389957472
-16.400000000000002 20.5 10.600000000000001 1.9041542139258136 1.9250981649497456 -0.9058258817850571
-16.400000000000002 20.5 10.600000000000001 1.9041542139258136 1.9250981649497456 -0.9058258817850571
-16.1 20.8 11.4 3.181735226385663 1.4800392056911915 -0.15533430342749532
-15.8 19.3 10 4.354596483725852 0.778416846389471 0.37350045992678654
-15.8 19.3 10 4.354596483725852 0.778416846389471 0.37350045992678654
-15.8 19.3 10 4.354596483725852 0.778416846389471 0.37350045992678654
-15.8 19.3 10 4.354596483725852 0.778416846389471 0.37350045992678654
-12.8 16.6 6.7 3.822271061867582 1.9076448724298023 0.9965830028887622
-10.8 13.200000000000001 7.4 3.822271061867582 1.9076448724298023 0.9965830028887622
-10.8 13.200000000000001 7.4 3.822271061867582 1.9076448724298023 0.9965830028887622
-5.1000000000000005 8.700000000000001 14.3 3.4854225162326764 1.7976891295541595 0.9285151620609834
-5.1000000000000005 8.700000000000001 14.3 3.4854225162326764 1.7976891295541595 0.9285151620609834
-8.200000000000001 5 14.5 3.6983526849759842 1.3543754995475998 0.9075712110370514
-6.300000000000001 2.4000000000000004 16.3 3.6983526849759842 1.3543754995475998 0.9075712110370514
-6.300000000000001 2.4000000000000004 16.3 3.6983526849759842 1.3543754995475998 0.9075712110370514
-6.300000000000001 2.4000000000000004 16.3 3.986332011555049 1.239183768915974 1.5585790220309363
-6.300000000000001 2.4000000000000004 16.3 3.986332011555049 1.239183768915974 1.5585790220309363
-1.3 -1 16 4.803146101488395 0.2530727415391778 1.858775653373961
0.5 -2.4000000000000004 8.6 5.340707511102648 -0.3089232776029963 1.7627825445142729
0.5 -2.4000000000000004 8.6 5.340707511102648 -0.3089232776029963 1.7627825445142729
1.3 -3.1 2.9000000000000004 4.88168591782814 0.22863813201125718 1.7174039839624202
1.3 -3.1 2.9000000000000004 4.88168591782814 0.22863813201125718 1.7174039839624202
4.800000000000001 -3.7 -0.2 4.162610266006476 0.4904375198104066 1.4521139376592822
4.2 -3.6 -2.4000000000000004 4.162610266006476 0.4904375198104066 1.4521139376592822
4.2 -3.6 -2.4000000000000004 4.162610266006476 0.4904375198104066 1.4521139376592822
4.2 -3.6 -2.4000000000000004 3.5046211380046137 0.4363323129985824 0.7801621756414653
4.2 -3.6 -2.4000000000000004 3.5046211380046137 0.4363323129985824 0.7801621756414653
2.6 -3.9000000000000004 -3.8000000000000003 2.928662484846485 0.3508111796508602 0.36826447217080355
1.2000000000000002 -3.6 -6 2.3945917337362204 0.7155849933176751 0.22689280275926285
1.2000000000000002 -3.6 -6 2.3945917337362204 0.7155849933176751 0.22689280275926285
1.8 -3.5 -5.800000000000001 1.9233528356977512 0.6771877497737999 0.20420352248333656
1.8 -3.5 -5.800000000000001 1.9233528356977512 0.6771877497737999 0.20420352248333656
1.5 -3.1 -7.5 1.7086773377024487 0.5969026041820608 0.08377580409572782
1.2000000000000002 -3.1 -9.9 1.7086773377024487 0.5969026041820608 0.08377580409572782
1.2000000000000002 -3.1 -9.9 1.7086773377024487 0.5969026041820608 0.08377580409572782
1.2000000000000002 -3.1 -9.9 1.3997540600994522 0.5078908123303499 -0.005235987755982989
1.2000000000000002 -3.1 -9.9 1.3997540600994522 0.5078908123303499 -0.005235987755982989
1.6 -3 -10.4 0.9005898940290741 0.6230825429619756 -0.11693705988362008
1.3 -3.2 -10.9 0.4363323129985824 0.7749261878854823 -0.13788101090755203
1.3 -3.2 -10.9 0.4363323129985824 0.7749261878854823 -0.13788101090755203
0.9 -3.2 -12.8 0.054105206811824215 0.778416846389471 -0.10122909661567112
0.9 -3.2 -12.8 0.054105206811824215 0.778416846389471 -0.10122909661567112
1.5 -3.5 -12.700000000000001 -0.4956735075663896 0.6841690667817772 0.04363323129985824
1.5 -3.5 -12.700000000000001 -0.4956735075663896 0.6841690667817772 0.04363323129985824
1.5 -3.5 -12.700000000000001 -0.4956735075663896 0.6841690667817772 0.04363323129985824
2.4000000000000004 -2.9000000000000004 -10.200000000000001 -0.9442231253289323 0.23736477827122882 0.10122909661567112
2.4000000000000004 -2.9000000000000004 -10.200000000000001 -0.9442231253289323 0.23736477827122882 0.10122909661567112
2.8000000000000003 -2.5 -8.700000000000001 -1.270599695451872 -0.10122909661567112 0.18500490071139894
3.6 -1.8 -7.800000000000001 -1.6912240451825054 -0.22514747350726852 0.3298672286269283
3.6 -1.8 -7.800000000000001 -1.6912240451825054 -0.22514747350726852 0.3298672286269283
3.6 -1.8 -7.800000000000001 -1.9477874452256718 -0.2792526803190927 0.3595378259108319
3.6 -1.8 -7.800000000000001 -1.9477874452256718 -0.2792526803190927 0.3595378259108319
4.5 -0.1 -3.7 -2.7663468644110125 -0.19896753472735357 -0.005235987755982989
4.5 -0.1 -3.7 -2.7663468644110125 -0.19896753472735357 -0.005235987755982989
4.5 -0.1 -3.7 -2.7663468644110125 -0.19896753472735357 -0.005235987755982989
2.9000000000000004 1.4000000000000001 -0.8 -3.077015471266003 -0.43458698374658805 -0.04537856055185257
2.9000000000000004 1.4000000000000001 -0.8 -3.077015471266003 -0.43458698374658805 -0.04537856055185257
2 2.7 -0.8 -3.0264009229581674 -0.4433136300065597 -0.0471238898038469
1.3 3.7 -1.8 -3.272492347489368 -0.45029494701453704 -0.08203047484373349
1.3 3.7 -1.8 -3.272492347489368 -0.45029494701453704 -0.08203047484373349
0.30000000000000004 4.9 -1.1 -3.6041049053682905 -0.7068583470577035 -0.2059488517353309
0.30000000000000004 4.9 -1.1 -3.6041049053682905 -0.7068583470577035 -0.2059488517353309
-3 6.4 -0.30000000000000004 -3.675663404700058 -1.24965574442794 -0.33859387488689996
-3 6.4 -0.30000000000000004 -3.675663404700058 -1.24965574442794 -0.33859387488689996
