3.1 8.3 3 0.5515240436302081 -0.04537856055185257 -0.1954768762233649
3.1 8.6 0.8 0.783652834145454 -0.03316125578789226 -0.3298672286269283
3.1 8.6 0.8 0.783652834145454 -0.03316125578789226 -0.3298672286269283
2.4000000000000004 9 0.7000000000000001 0.48171087355043496 -0.3769911184307752 -0.36302848441482055
2.4000000000000004 9 0.7000000000000001 0.48171087355043496 -0.3769911184307752 -0.36302848441482055
3.1 9.1 1.5 0.48171087355043496 -0.3769911184307752 -0.36302848441482055
3.1 9.1 1.5 0.4066617157146788 -0.21293016874330822 -0.38746309394274114
2.4000000000000004 9.3 0.8 0.4066617157146788 -0.21293016874330822 -0.38746309394274114
2.4000000000000004 9.3 0.8 0.3717551306747922 -0.0471238898038469 -0.4485496177625427
2.3000000000000003 9.4 0.8 0.2949606435870417 0.08552113334772216 -0.42062434973063345
2.3000000000000003 9.4 0.8 0.2949606435870417 0.08552113334772216 -0.42062434973063345
2.3000000000000003 9.4 0.8 0.2844886680750757 0.13264502315156904 -0.3647738136668149
2.3000000000000003 9.3 0.8 0.2844886680750757 0.13264502315156904 -0.3647738136668149
1.7000000000000002 9.600000000000001 0.30000000000000004 0.2897246558310587 -0.054105206811824215 -0.34382986264288296
1.7000000000000002 9.600000000000001 0.30000000000000004 0.21642082724729686 0 -0.26005405854715513
2.1 9.600000000000001 0.2 0.21642082724729686 0 -0.26005405854715513
2.1 9.600000000000001 0.2 0.21642082724729686 0 -0.26005405854715513
1.9000000000000001 9.8 0 0.21642082724729686 0 -0.26005405854715513
1.9000000000000001 9.8 0 0.1710422666954443 0.0645771823237902 -0.23387411976724015
1.9000000000000001 9.8 0 0.11344640137963143 -0.005235987755982989 -0.17627825445142728
2 9.700000000000001 0.4 0.11344640137963143 -0.005235987755982989 -0.17627825445142728
2 9.700000000000001 0.4 0.12217304763960307 0.026179938779914945 -0.15009831567151236
2.3000000000000003 9.700000000000001 0.5 0.12217304763960307 0.026179938779914945 -0.15009831567151236
2.2 9.600000000000001 0.6000000000000001 0.18151424220741028 -0.022689280275926284 -0.17976891295541594
2.2 9.600000000000001 0.6000000000000001 0.18151424220741028 -0.022689280275926284 -0.17976891295541594
1.7000000000000002 9.700000000000001 0.6000000000000001 0.18151424220741028 -0.022689280275926284 -0.17976891295541594
1.7000000000000002 9.700000000000001 0.6000000000000001 0.25132741228718347 -0.15009831567151236 -0.16406094968746698
1.4000000000000001 9.8 0.9 0.25132741228718347 -0.15009831567151236 -0.16406094968746698
1.4000000000000001 9.8 0.9 0.38571776469074687 -0.2181661564992912 -0.0942477796076938
1.4000000000000001 9.8 0.9 0.6771877497737999 -0.40491638646268446 0.019198621771937624
1.1 9.8 1.1 0.6771877497737999 -0.40491638646268446 0.019198621771937624
1.1 9.8 1.1 1.0611601852125523 -0.7609635538695277 0.12042771838760874
1.3 9.8 0.6000000000000001 1.0611601852125523 -0.7609635538695277 0.12042771838760874
0.4 10.200000000000001 -0.9 1.4119713648634127 -1.127482696788337 0.16057029118347832
0.4 10.200000000000001 -0.9 1.4119713648634127 -1.127482696788337 0.16057029118347832
-0.6000000000000001 10.8 -1.5 1.4119713648634127 -1.127482696788337 0.16057029118347832
-0.6000000000000001 10.8 -1.5 1.6580627893946132 -1.270599695451872 0.2792526803190927
-2.7 11.100000000000001 -1.2000000000000002 1.6580627893946132 -1.270599695451872 0.2792526803190927
-2.7 11.100000000000001 -1.2000000000000002 2.0943951023931957 -1.5899949485668343 0.47123889803846897
-2.7 11.100000000000001 -1.2000000000000002 2.780309498426967 -2.2078415037728267 0.8203047484373349
-4.800000000000001 10.600000000000001 -2.3000000000000003 2.780309498426967 -2.2078415037728267 0.8203047484373349
-4.800000000000001 10.600000000000001 -2.3000000000000003 2.780309498426967 -2.2078415037728267 0.8203047484373349
-6.9 9.600000000000001 -4 2.780309498426967 -2.2078415037728267 0.8203047484373349
-6.7 8.9 -6.300000000000001 3.9741147067910885 -3.5220744305245573 1.8046704465621368
-6.7 8.9 -6.300000000000001 3.9741147067910885 -3.5220744305245573 1.8046704465621368
-4.5 8.5 -10.5 3.9741147067910885 -3.5220744305245573 1.8046704465621368
-4.5 8.5 -10.5 3.91826417072727 -3.2183871406775437 1.8867009214058703
-3.2 8.4 -11.9 3.91826417072727 -3.2183871406775437 1.8867009214058703
-3.2 8.4 -11.9 3.038618227722128 -2.1537362969610028 1.7208946424664089
-3.2 8.4 -11.9 2.2794000031045942 -1.8884462506578645 1.6859880574265225
-4.3 8.5 -7.5 2.2794000031045942 -1.8884462506578645 1.6859880574265225
-4.3 8.5 -7.5 2.5010568181078745 -2.321287905152458 1.8500490071139895
-3.6 7.300000000000001 -4.7 2.5010568181078745 -2.321287905152458 1.8500490071139895
-0.9 5.7 -7.2 2.970550386894349 -2.181661564992912 1.8448130193580063
-0.9 5.7 -7.2 2.970550386894349 -2.181661564992912 1.8448130193580063
-0.4 4 -8.8 2.970550386894349 -2.181661564992912 1.8448130193580063
-0.4 4 -8.8 2.759365547403035 -1.7296212887263807 1.848303677861995
-0.4 4 -8.8 2.759365547403035 -1.7296212887263807 1.848303677861995
3.5 2.6 -6.300000000000001 2.357939819444339 -1.3700834628155487 2.2689280275926285
3.5 2.6 -6.300000000000001 2.4609142453120048 -0.9162978572970231 2.686061718819273
11.4 1.2000000000000002 -3.1 2.4609142453120048 -0.9162978572970231 2.686061718819273
11.4 1.2000000000000002 -3.1 2.4609142453120048 -0.9162978572970231 2.686061718819273
16 0.4 -4 2.4609142453120048 -0.9162978572970231 2.686061718819273
16 0.4 -4 3.0054569719342354 -0.8115781021773633 2.3893557459802373
16 0.4 -4 2.928662484846485 -0.8587019919812101 2.0053833105414847
15.700000000000001 1.2000000000000002 -9.700000000000001 2.928662484846485 -0.8587019919812101 2.0053833105414847
15.700000000000001 1.2000000000000002 -9.700000000000001 1.879719604397893 -0.5619960191421741 1.631882850614698
15.4 1.3 -10.4 1.879719604397893 -0.5619960191421741 1.631882850614698
14.5 0.6000000000000001 -7.800000000000001 1.0035643198967394 -0.7853981633974483 1.0995574287564276
14.5 0.6000000000000001 -7.800000000000001 0.6998770300497261 -0.7208209810736581 0.4642575810304917
12.200000000000001 -0.1 -7.1000000000000005 0.6998770300497261 -0.7208209810736581 0.4642575810304917
12.200000000000001 -0.1 -7.1000000000000005 0.6998770300497261 -0.7208209810736581 0.4642575810304917
10.3 -0.6000000000000001 -8.200000000000001 0.6998770300497261 -0.7208209810736581 0.4642575810304917
10.3 -0.6000000000000001 -8.200000000000001 0.39269908169872414 -0.3001966313430247 0.04537856055185257
10.3 -0.6000000000000001 -8.200000000000001 -0.10646508437165411 0.12217304763960307 -0.32812189937493397
8.6 -0.9 -7.7 -0.10646508437165411 0.12217304763960307 -0.32812189937493397
8.6 -0.9 -7.7 -0.42062434973063345 0.30194196059501904 -0.5864306286700948
7.5 -1.4000000000000001 -6.7 -0.42062434973063345 0.30194196059501904 -0.5864306286700948
6.7 -1.3 -7.7 -0.5777039824101231 0.33161255787892263 -0.7557275661135447
6.7 -1.3 -7.7 -0.8621926504851988 0.5619960191421741 -0.8813912722571364
7.2 -1.1 -7 -0.8621926504851988 0.5619960191421741 -0.8813912722571364
7.2 -1.1 -7 -0.8621926504851988 0.5619960191421741 -0.8813912722571364
7.2 0 -5.300000000000001 -0.8621926504851988 0.5619960191421741 -0.8813912722571364
7.2 0 -5.300000000000001 -0.8988445647770797 0.4171336912266448 -0.8883725892651138
7.2 0 -5.300000000000001 -0.6475171524898963 0.2234021442552742 -0.8883725892651138
10.3 0 -5.9 -0.6475171524898963 0.2234021442552742 -0.8883725892651138
10.3 0 -5.9 -0.614355896702004 0.3909537524467298 -1.3177235852557188
12 0 -8.700000000000001 -0.614355896702004 0.3909537524467298 -1.3177235852557188
10.3 0.5 -11.3 -1.0419615634406147 0.9372418083209549 -1.8919369091618532
10.3 0.5 -11.3 -1.0419615634406147 0.9372418083209549 -1.8919369091618532
6.6000000000000005 2 -12.100000000000001 -1.0419615634406147 0.9372418083209549 -1.8919369091618532
6.6000000000000005 2 -12.100000000000001 -1.8779742751458985 1.2095131716320704 -2.181661564992912
4.4 3.2 -11.8 -1.8779742751458985 1.2095131716320704 -2.181661564992912
4.4 3.2 -11.8 -2.759365547403035 1.541125729510993 -2.2305307840487534
4.4 3.2 -11.8 -3.6075955638722794 2.790781473938933 -2.4137903555081577
2.5 3.4000000000000004 -10.5 -3.6075955638722794 2.790781473938933 -2.4137903555081577
2.5 3.4000000000000004 -10.5 -4.082325120414737 3.2375857624494815 -2.5167647813758234
-0.9 3.9000000000000004 -8.4 -4.082325120414737 3.2375857624494815 -2.5167647813758234
-3.3000000000000003 6 -5.4 -4.115486376202629 2.8605946440187062 -2.178170906488923
-3.3000000000000003 6 -5.4 -3.7053340019839616 2.530727415391778 -1.7121679962064373
-3 6.5 -4 -3.7053340019839616 2.530727415391778 -1.7121679962064373
-3 6.5 -4 -3.7053340019839616 2.530727415391778 -1.7121679962064373
-2.7 7.300000000000001 -2.7 -3.7053340019839616 2.530727415391778 -1.7121679962064373
-2.7 7.300000000000001 -2.7 -3.1695179216217024 2.1694442602289516 -1.5254177662430441
-2.7 7.300000000000001 -2.7 -2.466150233067988 1.5009831567151235 -1.3788101090755205
-3.8000000000000003 8.4 -2.4000000000000004 -2.466150233067988 1.5009831567151235 -1.3788101090755205
-3.8000000000000003 8.4 -2.4000000000000004 -1.6371188383706812 0.37873644768276954 -1.0332349171806432
-4.1000000000000005 9.9 -2.5 -1.6371188383706812 0.37873644768276954 -1.0332349171806432
-3.8000000000000003 10.4 -4.5 -0.9704030641088472 -0.30194196059501904 -0.7400196028455958
-3.8000000000000003 10.4 -4.5 -0.9704030641088472 -0.30194196059501904 -0.7400196028455958
-3.3000000000000003 10.3 -6.4 -0.9704030641088472 -0.30194196059501904 -0.7400196028455958
-3.3000000000000003 10.3 -6.4 -0.8395033702092726 -0.20245819323134223 -0.5689773361501514
-3.2 10.4 -5.9 -0.8395033702092726 -0.20245819323134223 -0.5689773361501514
-3.2 10.4 -5.9 -1.08035880698449 -0.03316125578789226 -0.42935099599060506
-3.2 10.4 -5.9 -1.1780972450961724 0.2775073510670984 -0.2007128639793479
-1.8 10.3 -4.1000000000000005 -1.1780972450961724 0.2775073510670984 -0.2007128639793479
-1.8 10.3 -4.1000000000000005 -1.0559241974565694 0.5742133239061344 -0.09599310885968813
-0.6000000000000001 10.200000000000001 -2.3000000000000003 -1.0559241974565694 0.5742133239061344 -0.09599310885968813
-0.2 9.600000000000001 -2.2 -0.7679448708775051 0.5235987755982989 -0.09250245035569947
