-7.1000000000000005 4.3 -10.100000000000001 -1.13271868454432 0.9477137838329209 0.18675022996339327
-5.9 4.3 -11.600000000000001 -0.8674286382411818 0.6056292504420324 -0.22689280275926285
-5.9 4.3 -11.600000000000001 -1.0733774899765127 -0.03490658503988659 0.048869219055841226
-7.2 5.300000000000001 -13.5 -1.0733774899765127 -0.03490658503988659 0.048869219055841226
-3.3000000000000003 5.5 -11.4 -1.0733774899765127 -0.03490658503988659 0.048869219055841226
-3.3000000000000003 5.5 -11.4 -1.0733774899765127 -0.03490658503988659 0.048869219055841226
-3.3000000000000003 5.5 -11.4 -1.4643312424232424 -0.3001966313430247 0.8045967851693859
-3.3000000000000003 5.5 -11.4 -1.5952309363228172 0.026179938779914945 0.7958701389094143
2.2 5.2 -9.3 -1.5952309363228172 0.026179938779914945 0.7958701389094143
2.2 5.5 -7.4 -1.4206980111233842 0.39269908169872414 0.03316125578789226
2.2 5.5 -7.4 -1.4206980111233842 0.39269908169872414 0.03316125578789226
-0.9 6.1000000000000005 -7.6000000000000005 -1.1780972450961724 0.13962634015954636 -0.32114058236695664
-0.9 6.1000000000000005 -7.6000000000000005 -1.1780972450961724 0.13962634015954636 -0.32114058236695664
-1.7000000000000002 6.2 -6.800000000000001 -1.1780972450961724 0.13962634015954636 -0.32114058236695664
-1.7000000000000002 6.2 -6.800000000000001 -1.0437068926926092 -0.21467549799530253 -0.03665191429188092
-1.7000000000000002 6.2 -6.800000000000001 -1.0437068926926092 -0.21467549799530253 -0.03665191429188092
0.2 6.1000000000000005 -5.9 -0.8272860654453122 -0.020943951023931956 0.33859387488689996
0.2 6.1000000000000005 -5.9 -0.5235987755982989 0.14835298641951802 0.41538836197465046
1.5 6.2 -5.6000000000000005 -0.5235987755982989 0.14835298641951802 0.41538836197465046
2.9000000000000004 6 -5.800000000000001 -0.23212879051524585 0.05061454830783556 0.36302848441482055
2.9000000000000004 6 -5.800000000000001 -0.23212879051524585 0.05061454830783556 0.36302848441482055
3.4000000000000004 6.1000000000000005 -6.2 -0.019198621771937624 -0.061086523819801536 0.1884955592153876
3.4000000000000004 6.1000000000000005 -6.2 -0.019198621771937624 -0.061086523819801536 0.1884955592153876
3 5.9 -7.2 -0.019198621771937624 -0.061086523819801536 0.1884955592153876
2.9000000000000004 5.7 -7.7 0.0890117918517108 -0.05585053606381855 0.06806784082777885
2.9000000000000004 5.7 -7.7 0.0890117918517108 -0.05585053606381855 0.06806784082777885
2.9000000000000004 5.7 -7.7 0.06283185307179587 0.153588974175501 0.11519173063162576
2.9000000000000004 5.7 -7.7 0.03316125578789226 0.2635447170511438 0.1832595714594046
3.8000000000000003 5.4 -7.5 0.03316125578789226 0.2635447170511438 0.1832595714594046
4.3 5.300000000000001 -7.800000000000001 0.05235987755982989 0.14835298641951802 0.10297442586766545
4.3 5.300000000000001 -7.800000000000001 0.05235987755982989 0.14835298641951802 0.10297442586766545
4.1000000000000005 5.1000000000000005 -8.3 0.005235987755982989 0.08203047484373349 -0.06806784082777885
4.1000000000000005 5.1000000000000005 -8.3 0.005235987755982989 0.08203047484373349 -0.06806784082777885
3.3000000000000003 4.9 -8.5 0.005235987755982989 0.08203047484373349 -0.06806784082777885
3.3000000000000003 4.9 -8.5 -0.1466076571675237 0.25656340004316647 -0.27401669256310973
3.3000000000000003 4.9 -8.5 -0.1466076571675237 0.25656340004316647 -0.27401669256310973
2.4000000000000004 4.9 -8.5 -0.312413936106985 0.48171087355043496 -0.35779249665883756
2.4000000000000004 4.9 -8.5 -0.4485496177625427 0.6003932626860494 -0.3752457891787809
1.7000000000000002 4.6000000000000005 -8.8 -0.4485496177625427 0.6003932626860494 -0.3752457891787809
2.1 5 -8.9 -0.6335545184739416 0.6475171524898963 -0.31590459461097364
2.1 5 -8.9 -0.6335545184739416 0.6475171524898963 -0.31590459461097364
2.6 4.7 -9.700000000000001 -0.8342673824532896 0.8953539062730911 -0.3595378259108319
2.6 4.7 -9.700000000000001 -0.8342673824532896 0.8953539062730911 -0.3595378259108319
2.8000000000000003 5.2 -9.4 -0.8342673824532896 0.8953539062730911 -0.3595378259108319
2.8000000000000003 5.2 -9.4 -1.2199851471440364 1.382300767579509 -0.43458698374658805
2.8000000000000003 5.2 -9.4 -1.2199851471440364 1.382300767579509 -0.43458698374658805
2.9000000000000004 5.2 -8.9 -1.6022122533307945 1.7837264955382048 -0.4433136300065597
2.9000000000000004 5.2 -8.9 -1.8936822384138476 2.1886428820008894 -0.4468042885105484
3.5 5.9 -8.200000000000001 -1.8936822384138476 2.1886428820008894 -0.4468042885105484
4.4 6 -7.800000000000001 -2.1362830044410592 2.7209683038591597 -0.5340707511102648
4.4 6 -7.800000000000001 -2.1362830044410592 2.7209683038591597 -0.5340707511102648
4.9 6.300000000000001 -6.7 -2.3684117949563053 3.038618227722128 -0.7051130178057091
4.9 6.300000000000001 -6.7 -2.3684117949563053 3.038618227722128 -0.7051130178057091
4.5 6.1000000000000005 -6.2 -2.3684117949563053 3.038618227722128 -0.7051130178057091
4.5 6.1000000000000005 -6.2 -2.5377087323997554 3.12413936106985 -0.9128071987930344
4.5 6.1000000000000005 -6.2 -2.5377087323997554 3.12413936106985 -0.9128071987930344
3.6 6.5 -6.2 -2.7506389011430636 3.3178709080412205 -1.0245082709206714
3.6 6.5 -6.2 -3.1328660073298216 3.817035074111599 -1.0122909661567112
2.8000000000000003 6.4 -5.7 -3.1328660073298216 3.817035074111599 -1.0122909661567112
2.1 6.7 -3.9000000000000004 -3.34579617607313 3.9584067435231396 -0.9564404300928926
2.1 6.7 -3.9000000000000004 -3.34579617607313 3.9584067435231396 -0.9564404300928926
1.5 6.800000000000001 -2.9000000000000004 -3.9112828537192925 3.928736146239236 -0.37873644768276954
1.5 6.800000000000001 -2.9000000000000004 -3.9112828537192925 3.928736146239236 -0.37873644768276954
1.5 6.800000000000001 -2.9000000000000004 -3.9112828537192925 3.928736146239236 -0.37873644768276954
2.2 6.6000000000000005 -1.1 -4.255112716362175 4.368559117741807 0.013962634015954637
2.2 6.6000000000000005 -1.1 -4.255112716362175 4.368559117741807 0.013962634015954637
3.9000000000000004 5.9 2.6 -4.412192349041665 4.780456821212469 0.07853981633974483
3.9000000000000004 5.9 2.6 -3.9845866823030542 4.39822971502571 -0.15533430342749532
4.4 6 6.7 -3.9845866823030542 4.39822971502571 -0.15533430342749532
3.4000000000000004 6.300000000000001 7.5 -3.5622170033204266 3.8903389026953605 -0.2897246558310587
3.4000000000000004 6.300000000000001 7.5 -3.5622170033204266 3.8903389026953605 -0.2897246558310587
3.4000000000000004 6.300000000000001 7.5 -3.1258846903218442 3.351032163829113 -0.4468042885105484
3.4000000000000004 6.300000000000001 7.5 -2.2724186860966173 2.441715623540067 -0.19198621771937627
2.8000000000000003 7.300000000000001 8.6 -2.2724186860966173 2.441715623540067 -0.19198621771937627
4.1000000000000005 7.7 6.9 -1.4730578886832142 1.6214108751027323 -0.015707963267948967
4.1000000000000005 7.7 6.9 -1.4730578886832142 1.6214108751027323 -0.015707963267948967
5.4 7.6000000000000005 5.1000000000000005 -1.2007865253720988 1.4748032179352084 -0.12740903539558607
5.4 7.6000000000000005 5.1000000000000005 -1.2007865253720988 1.4748032179352084 -0.12740903539558607
6.300000000000001 10.700000000000001 3.5 -1.2007865253720988 1.4748032179352084 -0.12740903539558607
5.6000000000000005 7.1000000000000005 9.4 -1.6894787159305111 1.8081611050661255 -0.3403392041388943
5.6000000000000005 7.1000000000000005 9.4 -1.6894787159305111 1.8081611050661255 -0.3403392041388943
5.6000000000000005 7.1000000000000005 9.4 -2.1083577364091504 1.6859880574265225 -0.39793506945470714
5.6000000000000005 7.1000000000000005 9.4 -2.1083577364091504 1.6859880574265225 -0.39793506945470714
3.8000000000000003 5.9 8.3 -2.1083577364091504 1.6859880574265225 -0.39793506945470714
2 6.5 7.800000000000001 -0.6789330790257943 1.8256143975860688 -0.8831366015091308
2 6.5 7.800000000000001 -0.6789330790257943 1.8256143975860688 -0.8831366015091308
0.6000000000000001 7 6 -0.33335788713091696 0.640535835481919 -0.6527531402458793
0.6000000000000001 7 6 -0.33335788713091696 0.640535835481919 -0.6527531402458793
1 7.300000000000001 5.9 -0.33335788713091696 0.640535835481919 -0.6527531402458793
1.8 6.800000000000001 5.7 -0.3490658503988659 -0.3822271061867582 -0.24958208303518914
1.8 6.800000000000001 5.7 -0.3490658503988659 -0.3822271061867582 -0.24958208303518914
2.4000000000000004 6.7 5.4 -0.45727626402251437 -0.30194196059501904 -0.04014257279586958
2.4000000000000004 6.7 5.4 -0.7766715171374766 0.6981317007977318 -0.03839724354387525
3 6.6000000000000005 5.4 -0.7766715171374766 0.6981317007977318 -0.03839724354387525
2.9000000000000004 6.6000000000000005 7.2 -0.9773843811168246 1.2322024519079966 -0.06806784082777885
2.9000000000000004 6.6000000000000005 7.2 -0.9773843811168246 1.2322024519079966 -0.06806784082777885
2.8000000000000003 6.300000000000001 6.9 -0.8255407361933179 0.8045967851693859 -0.15009831567151236
2.8000000000000003 6.300000000000001 6.9 -0.8255407361933179 0.8045967851693859 -0.15009831567151236
2.4000000000000004 6.300000000000001 6.9 -0.8255407361933179 0.8045967851693859 -0.15009831567151236
2.2 6.1000000000000005 7.5 -0.8185594191853406 0.4188790204786391 -0.1954768762233649
2.2 6.1000000000000005 7.5 -0.8185594191853406 0.4188790204786391 -0.1954768762233649
2.2 6.1000000000000005 7.5 -0.8499753457212386 0.4939281783143953 -0.2478367537831948
2.2 6.1000000000000005 7.5 -0.8150687606813519 0.8011061266653973 -0.2181661564992912
1.5 6.2 8.5 -0.8150687606813519 0.8011061266653973 -0.2181661564992912
1.4000000000000001 6.4 9.4 -0.47123889803846897 0.5637413483941685 -0.10995574287564276
1.4000000000000001 6.4 9.4 -0.47123889803846897 0.5637413483941685 -0.10995574287564276
1.6 6 8.6 -0.1413716694115407 0.04014257279586958 -0.13089969389957473
1.6 6 8.6 -0.1413716694115407 0.04014257279586958 -0.13089969389957473
1.3 5.800000000000001 8.1 -0.1413716694115407 0.04014257279586958 -0.13089969389957473
1.3 5.800000000000001 8.1 0 -0.11519173063162576 -0.19024088846738194
1.3 5.800000000000001 8.1 0 -0.11519173063162576 -0.19024088846738194
1 5.9 7.9 0.059341194567807204 -0.048869219055841226 -0.16580627893946132
1 5.9 7.9 0.11344640137963143 0.031415926535897934 -0.06981317007977318
1 6.1000000000000005 8.1 0.11344640137963143 0.031415926535897934 -0.06981317007977318
1.1 6.300000000000001 7.800000000000001 0.22165681500327986 -0.06806784082777885 0.04188790204786391
1.1 6.300000000000001 7.800000000000001 0.22165681500327986 -0.06806784082777885 0.04188790204786391
1.8 6.300000000000001 7.4 0.2827433388230814 -0.1291543646475804 0.1117010721276371
1.8 6.300000000000001 7.4 0.2827433388230814 -0.1291543646475804 0.1117010721276371
2 6.4 7 0.2827433388230814 -0.1291543646475804 0.1117010721276371
2 6.4 7 0.3001966313430247 -0.10297442586766545 0.07155849933176751
2 6.4 7 0.3001966313430247 -0.10297442586766545 0.07155849933176751
1.8 6.6000000000000005 6.800000000000001 0.28099800957108706 -0.10471975511965978 0.008726646259971648
1.8 6.6000000000000005 6.800000000000001 0.23212879051524585 -0.1117010721276371 -0.010471975511965978
1.5 6.6000000000000005 6.5 0.23212879051524585 -0.1117010721276371 -0.010471975511965978
1.4000000000000001 6.800000000000001 6.6000000000000005 0.1413716694115407 -0.024434609527920613 0.027925268031909273
1.4000000000000001 6.800000000000001 6.6000000000000005 0.1413716694115407 -0.024434609527920613 0.027925268031909273
1.4000000000000001 6.7 6.800000000000001 0.10471975511965978 0.05585053606381855 0.08203047484373349
1.4000000000000001 6.7 6.800000000000001 0.10471975511965978 0.05585053606381855 0.08203047484373349
1.7000000000000002 6.800000000000001 6.9 0.10471975511965978 0.05585053606381855 0.08203047484373349
1.7000000000000002 6.800000000000001 6.9 0.05235987755982989 0.09773843811168245 0.06806784082777885
1.7000000000000002 6.800000000000001 6.9 0.05235987755982989 0.09773843811168245 0.06806784082777885
2.1 6.5 7 0.08377580409572782 0.012217304763960306 0.09250245035569947
2.1 6.5 7 0.059341194567807204 -0.05235987755982989 0.019198621771937624
2 6.6000000000000005 6.6000000000000005 0.059341194567807204 -0.05235987755982989 0.019198621771937624
1.8 6.5 6.800000000000001 -0.017453292519943295 0.019198621771937624 -0.0017453292519943296
1.8 6.5 6.800000000000001 -0.017453292519943295 0.019198621771937624 -0.0017453292519943296
1.8 6.5 6.800000000000001 -0.017453292519943295 0.019198621771937624 -0.0017453292519943296
1.8 6.5 6.800000000000001 -0.048869219055841226 0.024434609527920613 0.010471975511965978
1.7000000000000002 6.5 7 -0.048869219055841226 0.024434609527920613 0.010471975511965978
1.8 6.5 7.2 -0.04363323129985824 0 0.027925268031909273
1.8 6.5 7.2 -0.04363323129985824 0 0.027925268031909273
2 6.5 7.300000000000001 -0.017453292519943295 0.022689280275926284 0.022689280275926284
2 6.5 7.300000000000001 -0.017453292519943295 0.022689280275926284 0.022689280275926284
1.8 6.5 7.2 -0.017453292519943295 0.022689280275926284 0.022689280275926284
1.8 6.5 7.1000000000000005 0.019198621771937624 -0.0017453292519943296 0
1.8 6.5 7.1000000000000005 0.019198621771937624 -0.0017453292519943296 0
1.8 6.5 7.1000000000000005 0.027925268031909273 -0.06283185307179587 -0.012217304763960306
1.8 6.5 7.1000000000000005 0.019198621771937624 -0.08552113334772216 -0.03490658503988659
1.8 6.5 7 0.019198621771937624 -0.08552113334772216 -0.03490658503988659
1.7000000000000002 6.5 7 0.010471975511965978 -0.09948376736367678 -0.04014257279586958
1.7000000000000002 6.5 7 0.010471975511965978 -0.09948376736367678 -0.04014257279586958
1.8 6.5 6.800000000000001 -0.0017453292519943296 -0.08203047484373349 -0.04014257279586958
1.8 6.5 6.800000000000001 -0.0017453292519943296 -0.08203047484373349 -0.04014257279586958
1.7000000000000002 6.5 6.7 -0.0017453292519943296 -0.08203047484373349 -0.04014257279586958
1.6 6.4 7.2 -0.08552113334772216 0.04537856055185257 -0.04014257279586958
1.6 6.4 7.2 -0.08552113334772216 0.04537856055185257 -0.04014257279586958
1.6 6.4 7.2 -0.07853981633974483 0.03490658503988659 0.03665191429188092
1.6 6.4 7.2 -0.027925268031909273 0.020943951023931956 0.1117010721276371
1.6 6.4 7 -0.027925268031909273 0.020943951023931956 0.1117010721276371
2.3000000000000003 6.800000000000001 6.800000000000001 -0.04014257279586958 -0.0942477796076938 0.11344640137963143
2.3000000000000003 6.800000000000001 6.800000000000001 -0.04014257279586958 -0.0942477796076938 0.11344640137963143
2.1 6.5 7.5 -0.10821041362364843 -0.05061454830783556 0.03490658503988659
2.1 6.5 7.5 -0.10821041362364843 -0.05061454830783556 0.03490658503988659
2.2 6.5 7.5 -0.10821041362364843 -0.05061454830783556 0.03490658503988659
2 6.5 7 0.024434609527920613 -0.006981317007977318 0.005235987755982989
2 6.5 7 0.024434609527920613 -0.006981317007977318 0.005235987755982989
2 6.5 7 0.0890117918517108 -0.006981317007977318 -0.022689280275926284
2 6.5 7 0.0645771823237902 0.013962634015954637 -0.006981317007977318
1.8 6.4 6.800000000000001 0.0645771823237902 0.013962634015954637 -0.006981317007977318
1.8 6.5 6.9 0.020943951023931956 0.03665191429188092 0.029670597283903602
1.8 6.5 6.9 0.020943951023931956 0.03665191429188092 0.029670597283903602
2 6.5 7 -0.006981317007977318 0.04537856055185257 0.048869219055841226
2 6.5 7 -0.006981317007977318 0.04537856055185257 0.048869219055841226
2 6.5 7.1000000000000005 -0.006981317007977318 0.04537856055185257 0.048869219055841226
2 6.5 7 -0.015707963267948967 0.03490658503988659 0.027925268031909273
2 6.5 7 -0.015707963267948967 0.03490658503988659 0.027925268031909273
2 6.5 7 -0.012217304763960306 0 0.005235987755982989
2 6.5 7 -0.012217304763960306 0.012217304763960306 -0.012217304763960306
1.9000000000000001 6.5 7.2 -0.012217304763960306 0.012217304763960306 -0.012217304763960306
1.8 6.5 7.1000000000000005 0.008726646259971648 0.010471975511965978 -0.005235987755982989
1.8 6.5 7.1000000000000005 0.008726646259971648 0.010471975511965978 -0.005235987755982989
1.7000000000000002 6.5 6.9 0.005235987755982989 0.012217304763960306 0.015707963267948967
1.7000000000000002 6.5 6.9 0.005235987755982989 0.012217304763960306 0.015707963267948967
1.7000000000000002 6.5 6.9 0.005235987755982989 0.012217304763960306 0.015707963267948967
1.7000000000000002 6.5 6.9 -0.019198621771937624 0.03490658503988659 0.05759586531581288
1.7000000000000002 6.5 6.9 -0.019198621771937624 0.03490658503988659 0.05759586531581288
1.9000000000000001 6.5 7.1000000000000005 -0.04188790204786391 0.0471238898038469 0.06632251157578452
1.9000000000000001 6.5 7.1000000000000005 -0.010471975511965978 0.03490658503988659 0.04537856055185257
2 6.5 7.300000000000001 -0.010471975511965978 0.03490658503988659 0.04537856055185257
1.9000000000000001 6.5 7.2 0.020943951023931956 0.013962634015954637 0.010471975511965978
1.9000000000000001 6.5 7.2 0.020943951023931956 0.013962634015954637 0.010471975511965978
1.8 6.5 7 0.031415926535897934 0.024434609527920613 0.010471975511965978
1.8 6.5 7 0.031415926535897934 0.024434609527920613 0.010471975511965978
1.8 6.5 7 0.031415926535897934 0.024434609527920613 0.010471975511965978
1.7000000000000002 6.5 6.9 0.020943951023931956 0.012217304763960306 0.027925268031909273
1.7000000000000002 6.5 6.9 0.020943951023931956 0.012217304763960306 0.027925268031909273
1.8 6.5 6.9 0.0017453292519943296 0.008726646259971648 0.048869219055841226
1.8 6.5 6.9 -0.017453292519943295 0.017453292519943295 0.06283185307179587
1.9000000000000001 6.5 7 -0.017453292519943295 0.017453292519943295 0.06283185307179587
2 6.5 7 -0.017453292519943295 0.017453292519943295 0.06283185307179587
2 6.5 7 -0.017453292519943295 0.017453292519943295 0.06283185307179587
2 6.5 7 -0.019198621771937624 0.005235987755982989 0.04537856055185257
2 6.5 7 -0.019198621771937624 0.010471975511965978 0.04363323129985824
2 6.5 7 -0.019198621771937624 0.010471975511965978 0.04363323129985824
2 6.4 7.1000000000000005 -0.015707963267948967 0.015707963267948967 0.03316125578789226
2 6.4 7.1000000000000005 -0.015707963267948967 0.015707963267948967 0.03316125578789226
2 6.4 7.2 -0.012217304763960306 0.03839724354387525 0.03316125578789226
2 6.4 7.2 -0.012217304763960306 0.03839724354387525 0.03316125578789226
2 6.4 7.2 -0.012217304763960306 0.03839724354387525 0.03316125578789226
2 6.4 7 -0.005235987755982989 0.0645771823237902 0.029670597283903602
2 6.4 7 -0.005235987755982989 0.0645771823237902 0.029670597283903602
2 6.4 7 -0.012217304763960306 0.11344640137963143 -0.010471975511965978
2 6.4 7 -0.003490658503988659 0.06981317007977318 0.03665191429188092
1.7000000000000002 6.4 7.300000000000001 -0.003490658503988659 0.06981317007977318 0.03665191429188092
1.9000000000000001 6.6000000000000005 7.1000000000000005 0.022689280275926284 -0.03665191429188092 0.03490658503988659
1.9000000000000001 6.6000000000000005 7.1000000000000005 0.022689280275926284 -0.03665191429188092 0.03490658503988659
1.9000000000000001 6.4 7 0.0017453292519943296 -0.0017453292519943296 0.03316125578789226
1.9000000000000001 6.4 7 0.0017453292519943296 -0.0017453292519943296 0.03316125578789226
1.9000000000000001 6.5 7 0.0017453292519943296 -0.0017453292519943296 0.03316125578789226
2 6.5 7.1000000000000005 0.006981317007977318 0.0017453292519943296 0.017453292519943295
2 6.5 7.1000000000000005 0.006981317007977318 0.0017453292519943296 0.017453292519943295
2 6.5 7.1000000000000005 -0.008726646259971648 -0.024434609527920613 0.003490658503988659
2 6.5 7.1000000000000005 0.008726646259971648 -0.024434609527920613 -0.010471975511965978
1.9000000000000001 6.5 7.1000000000000005 0.008726646259971648 -0.024434609527920613 -0.010471975511965978
1.9000000000000001 6.4 7.1000000000000005 0.015707963267948967 0.005235987755982989 -0.003490658503988659
1.9000000000000001 6.4 7.1000000000000005 0.015707963267948967 0.005235987755982989 -0.003490658503988659
1.9000000000000001 6.4 7 0.003490658503988659 0.04014257279586958 -0.0017453292519943296
1.9000000000000001 6.4 7 0.003490658503988659 0.04014257279586958 -0.0017453292519943296
1.8 6.4 7 0.003490658503988659 0.04014257279586958 -0.0017453292519943296
1.8 6.4 7.1000000000000005 -0.013962634015954637 0.024434609527920613 0
1.8 6.4 7.1000000000000005 -0.013962634015954637 0.024434609527920613 0
1.8 6.4 7.1000000000000005 -0.024434609527920613 -0.006981317007977318 0.010471975511965978
1.8 6.4 7.1000000000000005 -0.027925268031909273 -0.017453292519943295 0.031415926535897934
1.8 6.5 7.1000000000000005 -0.027925268031909273 -0.017453292519943295 0.031415926535897934
2 6.5 7.300000000000001 -0.005235987755982989 0.019198621771937624 0.04014257279586958
2 6.5 7.300000000000001 -0.005235987755982989 0.019198621771937624 0.04014257279586958
1.9000000000000001 6.6000000000000005 7.2 0.04363323129985824 0.0471238898038469 0.019198621771937624
1.9000000000000001 6.6000000000000005 7.2 0.04363323129985824 0.0471238898038469 0.019198621771937624
1.7000000000000002 6.6000000000000005 6.9 0.04363323129985824 0.0471238898038469 0.019198621771937624
1.7000000000000002 6.6000000000000005 6.9 0.05235987755982989 0.04014257279586958 0.005235987755982989
1.7000000000000002 6.6000000000000005 6.9 0.05235987755982989 0.04014257279586958 0.005235987755982989
1.5 6.6000000000000005 6.7 0.022689280275926284 0.017453292519943295 0.013962634015954637
1.5 6.6000000000000005 6.7 -0.048869219055841226 0.020943951023931956 0.05235987755982989
1.5 6.6000000000000005 6.800000000000001 -0.048869219055841226 0.020943951023931956 0.05235987755982989
1.7000000000000002 6.6000000000000005 7.1000000000000005 -0.09599310885968813 0.07155849933176751 0.06981317007977318
1.7000000000000002 6.6000000000000005 7.1000000000000005 -0.09599310885968813 0.07155849933176751 0.06981317007977318
1.5 6.5 7.300000000000001 -0.07155849933176751 0.09948376736367678 0.06981317007977318
1.5 6.5 7.300000000000001 -0.07155849933176751 0.09948376736367678 0.06981317007977318
1.5 6.5 7.300000000000001 -0.07155849933176751 0.09948376736367678 0.06981317007977318
1.4000000000000001 6.4 7.4 -0.029670597283903602 0.09773843811168245 0.11693705988362008
1.4000000000000001 6.4 7.4 -0.029670597283903602 0.09773843811168245 0.11693705988362008
1.7000000000000002 6.2 7.4 0.013962634015954637 0.061086523819801536 0.19198621771937627
1.7000000000000002 6.2 7.4 0.006981317007977318 0.031415926535897934 0.22165681500327986
2.1 6.1000000000000005 7.1000000000000005 0.006981317007977318 0.031415926535897934 0.22165681500327986
2.3000000000000003 6 7.5 0.008726646259971648 -0.019198621771937624 0.2670353755551324
2.3000000000000003 6 7.5 0.008726646259971648 -0.019198621771937624 0.2670353755551324
2.8000000000000003 6.2 7.300000000000001 0.07330382858376185 -0.09948376736367678 0.24085543677521748
2.8000000000000003 6.2 7.300000000000001 0.07330382858376185 -0.09948376736367678 0.24085543677521748
3.1 6.300000000000001 7.1000000000000005 0.07330382858376185 -0.09948376736367678 0.24085543677521748
3.1 6.300000000000001 7.1000000000000005 0.08552113334772216 -0.05235987755982989 0.16057029118347832
3.1 6.300000000000001 7.1000000000000005 0.08552113334772216 -0.05235987755982989 0.16057029118347832
3 6.4 6.9 0.10646508437165411 0.05061454830783556 0.04537856055185257
3 6.4 6.9 0.07853981633974483 0.07504915783575618 -0.0471238898038469
2.7 6.5 6.6000000000000005 0.07853981633974483 0.07504915783575618 -0.0471238898038469
2.4000000000000004 6.5 6.5 0.015707963267948967 0.07330382858376185 -0.10646508437165411
2.4000000000000004 6.5 6.5 0.015707963267948967 0.07330382858376185 -0.10646508437165411
2.2 6.5 6.5 -0.06283185307179587 0.0767944870877505 -0.12566370614359174
2.2 6.5 6.5 -0.06283185307179587 0.0767944870877505 -0.12566370614359174
1.8 6.5 6.9 -0.06283185307179587 0.0767944870877505 -0.12566370614359174
1.8 6.5 6.9 -0.1117010721276371 0.07504915783575618 -0.11519173063162576
1.8 6.5 6.9 -0.1117010721276371 0.07504915783575618 -0.11519173063162576
1.7000000000000002 6.4 7.1000000000000005 -0.13089969389957473 0.09599310885968813 -0.0890117918517108
1.7000000000000002 6.4 7.1000000000000005 -0.13089969389957473 0.11519173063162576 -0.0767944870877505
1.6 6.300000000000001 7.2 -0.13089969389957473 0.11519173063162576 -0.0767944870877505
1.6 6.4 7.5 -0.1291543646475804 0.1361356816555577 -0.06283185307179587
1.6 6.4 7.5 -0.1291543646475804 0.1361356816555577 -0.06283185307179587
1.6 6.4 7.5 -0.13264502315156904 0.14835298641951802 -0.031415926535897934
1.6 6.4 7.5 -0.08726646259971647 0.12217304763960307 -0.013962634015954637
1.6 6.2 7.5 -0.08726646259971647 0.12217304763960307 -0.013962634015954637
1.7000000000000002 6.300000000000001 7.5 -0.013962634015954637 0.07853981633974483 0
1.7000000000000002 6.300000000000001 7.5 -0.013962634015954637 0.07853981633974483 0
1.8 6.300000000000001 7.6000000000000005 0.005235987755982989 0.03316125578789226 0.010471975511965978
1.8 6.300000000000001 7.6000000000000005 0.005235987755982989 0.03316125578789226 0.010471975511965978
1.8 6.300000000000001 7.300000000000001 0.005235987755982989 0.03316125578789226 0.010471975511965978
1.9000000000000001 6.4 7.2 0.0767944870877505 0.019198621771937624 -0.005235987755982989
1.9000000000000001 6.4 7.2 0.0767944870877505 0.019198621771937624 -0.005235987755982989
1.9000000000000001 6.4 7.2 0.08203047484373349 0.005235987755982989 -0.006981317007977318
1.9000000000000001 6.4 7.2 0.08377580409572782 0.010471975511965978 -0.019198621771937624
1.8 6.300000000000001 7 0.08377580409572782 0.010471975511965978 -0.019198621771937624
1.8 6.5 6.9 0.059341194567807204 0.031415926535897934 -0.006981317007977318
1.8 6.5 6.9 0.059341194567807204 0.031415926535897934 -0.006981317007977318
1.8 6.4 7 0.020943951023931956 0.061086523819801536 0.012217304763960306
1.8 6.4 7 0.020943951023931956 0.061086523819801536 0.012217304763960306
1.8 6.5 7.1000000000000005 0.020943951023931956 0.061086523819801536 0.012217304763960306
1.8 6.4 7.1000000000000005 0.0017453292519943296 0.09075712110370514 0.022689280275926284
1.8 6.4 7.1000000000000005 0.0017453292519943296 0.09075712110370514 0.022689280275926284
1.8 6.4 7.1000000000000005 0.019198621771937624 0.0890117918517108 0.010471975511965978
1.8 6.4 7.1000000000000005 0.013962634015954637 0.10646508437165411 -0.003490658503988659
1.7000000000000002 6.4 7.1000000000000005 0.013962634015954637 0.10646508437165411 -0.003490658503988659
1.6 6.4 7.2 0.019198621771937624 0.09250245035569947 -0.006981317007977318
1.6 6.4 7.2 0.019198621771937624 0.09250245035569947 -0.006981317007977318
1.6 6.4 7.300000000000001 0.027925268031909273 0.061086523819801536 0.003490658503988659
1.6 6.4 7.300000000000001 0.027925268031909273 0.061086523819801536 0.003490658503988659
1.6 6.4 7.2 0.027925268031909273 0.061086523819801536 0.003490658503988659
1.6 6.4 7.1000000000000005 0.04188790204786391 0.05585053606381855 0.005235987755982989
1.6 6.4 7.1000000000000005 0.04188790204786391 0.05585053606381855 0.005235987755982989
1.6 6.4 7.1000000000000005 0.0471238898038469 0.04537856055185257 0.017453292519943295
1.6 6.4 7.1000000000000005 0.029670597283903602 0.029670597283903602 0.031415926535897934
1.6 6.5 7.1000000000000005 0.029670597283903602 0.029670597283903602 0.031415926535897934
1.7000000000000002 6.4 7 0.027925268031909273 0.020943951023931956 0.04014257279586958
1.7000000000000002 6.4 7 0.027925268031909273 0.020943951023931956 0.04014257279586958
1.8 6.4 7.1000000000000005 0.0017453292519943296 0.017453292519943295 0.05235987755982989
