1 8.9 2.7 0.3560471674068432 -0.29146998508305305 0.08203047484373349
0.8 9.200000000000001 2.4000000000000004 -0.22514747350726852 -0.1884955592153876 0.05585053606381855
0.8 9.200000000000001 2.4000000000000004 -0.22514747350726852 -0.1884955592153876 0.05585053606381855
0.8 9.200000000000001 2.4000000000000004 -0.22514747350726852 -0.1884955592153876 0.05585053606381855
0.8 9.200000000000001 2.4000000000000004 -0.317649923862968 -0.061086523819801536 0.024434609527920613
1.4000000000000001 9.1 3.6 -0.317649923862968 -0.061086523819801536 0.024434609527920613
1.4000000000000001 8.9 4 -0.27576202181510406 -0.06632251157578452 -0.061086523819801536
1.4000000000000001 8.9 4 -0.27576202181510406 -0.06632251157578452 -0.061086523819801536
1.2000000000000002 8.9 3.9000000000000004 -0.17278759594743862 -0.0890117918517108 -0.1117010721276371
1.2000000000000002 8.9 3.9000000000000004 -0.17278759594743862 -0.0890117918517108 -0.1117010721276371
1 8.9 3.8000000000000003 -0.17278759594743862 -0.0890117918517108 -0.1117010721276371
1 8.9 3.8000000000000003 -0.12217304763960307 -0.09599310885968813 -0.10471975511965978
1 8.9 3.8000000000000003 -0.12217304763960307 -0.09599310885968813 -0.10471975511965978
0.9 8.9 3.8000000000000003 -0.09948376736367678 -0.07330382858376185 -0.0767944870877505
0.9 8.9 3.8000000000000003 -0.0767944870877505 -0.0471238898038469 -0.04014257279586958
0.9 9 3.8000000000000003 -0.0767944870877505 -0.0471238898038469 -0.04014257279586958
0.9 8.9 3.8000000000000003 -0.0890117918517108 -0.05061454830783556 -0.019198621771937624
0.9 8.9 3.8000000000000003 -0.0890117918517108 -0.05061454830783556 -0.019198621771937624
1 8.9 4 -0.09773843811168245 -0.06283185307179587 -0.006981317007977318
1 8.9 4 -0.09773843811168245 -0.06283185307179587 -0.006981317007977318
1 8.9 4.1000000000000005 -0.09773843811168245 -0.06283185307179587 -0.006981317007977318
1 8.9 4.1000000000000005 -0.0645771823237902 -0.08726646259971647 -0.010471975511965978
1 8.9 4.1000000000000005 -0.0645771823237902 -0.08726646259971647 -0.010471975511965978
0.9 8.9 4 -0.026179938779914945 -0.08726646259971647 -0.008726646259971648
0.9 8.9 4 -0.022689280275926284 -0.061086523819801536 0.012217304763960306
0.8 8.8 3.9000000000000004 -0.022689280275926284 -0.061086523819801536 0.012217304763960306
0.9 8.8 4 -0.020943951023931956 -0.05759586531581288 0.03839724354387525
0.9 8.8 4 -0.020943951023931956 -0.05759586531581288 0.03839724354387525
0.9 8.700000000000001 4 0.012217304763960306 -0.06283185307179587 0.04537856055185257
0.9 8.700000000000001 4 0.012217304763960306 -0.06283185307179587 0.04537856055185257
1 8.8 3.8000000000000003 0.012217304763960306 -0.06283185307179587 0.04537856055185257
1 8.8 3.8000000000000003 0.03316125578789226 -0.10122909661567112 0.05759586531581288
1 8.8 3.8000000000000003 0.03316125578789226 -0.10122909661567112 0.05759586531581288
1.2000000000000002 8.8 3.9000000000000004 0.013962634015954637 -0.1413716694115407 0.0471238898038469
1.2000000000000002 8.8 3.9000000000000004 0.013962634015954637 -0.1413716694115407 0.0471238898038469
1.3 8.8 4 0.013962634015954637 -0.1413716694115407 0.0471238898038469
1.3 8.8 4 0.006981317007977318 -0.0890117918517108 -0.017453292519943295
1.3 8.8 4 0.006981317007977318 -0.0890117918517108 -0.017453292519943295
1.3 8.8 4.2 0.010471975511965978 -0.10995574287564276 -0.029670597283903602
1.3 8.8 4.2 0.020943951023931956 -0.13439035240356337 -0.03316125578789226
1.3 8.8 4.3 0.020943951023931956 -0.13439035240356337 -0.03316125578789226
1.2000000000000002 8.8 4.5 0.07330382858376185 -0.1832595714594046 -0.031415926535897934
1.2000000000000002 8.8 4.5 0.07330382858376185 -0.1832595714594046 -0.031415926535897934
1.4000000000000001 8.700000000000001 4.7 0.13439035240356337 -0.26179938779914946 -0.013962634015954637
1.4000000000000001 8.700000000000001 4.7 0.23212879051524585 -0.3368485456349056 -0.017453292519943295
1.6 8.6 4.6000000000000005 0.23212879051524585 -0.3368485456349056 -0.017453292519943295
1.6 8.6 4.6000000000000005 0.23212879051524585 -0.3368485456349056 -0.017453292519943295
1.6 8.6 4.6000000000000005 0.23212879051524585 -0.3368485456349056 -0.017453292519943295
1.6 8.6 4.3 0.2984513020910304 -0.35255650890285456 -0.029670597283903602
1.6 8.6 4.3 0.3368485456349056 -0.3298672286269283 0.010471975511965978
1.3 8.6 4 0.3368485456349056 -0.3298672286269283 0.010471975511965978
1.5 8.6 4 0.36302848441482055 -0.3769911184307752 0.09599310885968813
1.5 8.6 4 0.36302848441482055 -0.3769911184307752 0.09599310885968813
1.7000000000000002 8.6 3.8000000000000003 0.41538836197465046 -0.4642575810304917 0.1518436449235067
1.7000000000000002 8.6 3.8000000000000003 0.41538836197465046 -0.4642575810304917 0.1518436449235067
2.2 8.6 3.7 0.41538836197465046 -0.4642575810304917 0.1518436449235067
2.2 8.6 3.7 0.4415683007545654 -0.5427973973702365 0.18151424220741028
2.2 8.6 3.7 0.4415683007545654 -0.5427973973702365 0.18151424220741028
2.2 8.8 3.4000000000000004 0.45553093477052004 -0.5724679946541401 0.13962634015954636
2 9 3.2 0.4415683007545654 -0.5550147021341968 0.1117010721276371
2 9 3.2 0.4415683007545654 -0.5550147021341968 0.1117010721276371
1.7000000000000002 9.1 2.9000000000000004 0.43458698374658805 -0.5026548245743669 0.1117010721276371
1.7000000000000002 9.1 2.9000000000000004 0.43458698374658805 -0.5026548245743669 0.1117010721276371
1.7000000000000002 9.1 2.4000000000000004 0.3700098014227979 -0.46251225177849736 0.11344640137963143
1.6 9.200000000000001 2.3000000000000003 0.3700098014227979 -0.46251225177849736 0.11344640137963143
1.6 9.200000000000001 2.3000000000000003 0.3700098014227979 -0.46251225177849736 0.11344640137963143
1.6 9.200000000000001 2.3000000000000003 0.2722713633111154 -0.39269908169872414 0.09250245035569947
1.6 9.200000000000001 2.3000000000000003 0.2722713633111154 -0.39269908169872414 0.09250245035569947
1.5 9.3 2.1 0.18151424220741028 -0.35779249665883756 0.04537856055185257
1.3 9.4 2.3000000000000003 0.10821041362364843 -0.38571776469074687 -0.008726646259971648
1.3 9.4 2.3000000000000003 0.10821041362364843 -0.38571776469074687 -0.008726646259971648
1.3 9.4 2.3000000000000003 0.10821041362364843 -0.38571776469074687 -0.008726646259971648
1.3 9.4 2.3000000000000003 0.10821041362364843 -0.38571776469074687 -0.008726646259971648
0.30000000000000004 9.700000000000001 1.9000000000000001 0.12566370614359174 -0.34382986264288296 -0.048869219055841226
0.30000000000000004 9.700000000000001 1.9000000000000001 0.12566370614359174 -0.34382986264288296 -0.048869219055841226
0.30000000000000004 9.700000000000001 1.9000000000000001 0.12566370614359174 -0.34382986264288296 -0.048869219055841226
0 9.9 1.8 0.10297442586766545 -0.3246312408709453 -0.008726646259971648
0 9.9 1.8 0.10297442586766545 -0.3246312408709453 -0.008726646259971648
0.1 10 1.8 0.08726646259971647 -0.3508111796508602 0.005235987755982989
-0.30000000000000004 10.5 1.3 0.08028514559173916 -0.39968039870670147 -0.08726646259971647
-0.30000000000000004 10.5 1.3 0.08028514559173916 -0.39968039870670147 -0.08726646259971647
-1.7000000000000002 11.600000000000001 0.9 0.020943951023931956 -0.42935099599060506 -0.19198621771937627
-1.7000000000000002 11.600000000000001 0.9 0.020943951023931956 -0.42935099599060506 -0.19198621771937627
-1.7000000000000002 11.600000000000001 0.9 0.020943951023931956 -0.42935099599060506 -0.19198621771937627
-3.8000000000000003 13.4 0.8 0.03839724354387525 -0.4171336912266448 -0.2059488517353309
-3.8000000000000003 13.4 0.8 0.03839724354387525 -0.4171336912266448 -0.2059488517353309
-5.6000000000000005 15.9 1.6 0.19198621771937627 -0.36302848441482055 -0.08726646259971647
-5.6000000000000005 15.9 1.6 0.19198621771937627 -0.36302848441482055 -0.08726646259971647
-7.300000000000001 19.1 1 0.6998770300497261 -0.4014257279586958 -0.04537856055185257
-8.4 21.700000000000003 -2 1.059414855960558 -0.5026548245743669 -0.25656340004316647
-8.4 21.700000000000003 -2 1.059414855960558 -0.5026548245743669 -0.25656340004316647
-8.700000000000001 21.8 -3.1 0.8988445647770797 0.0017453292519943296 -0.6894050545377602
-8.700000000000001 21.8 -3.1 0.8988445647770797 0.0017453292519943296 -0.6894050545377602
-8.700000000000001 20.1 -1.9000000000000001 0.8185594191853406 0.3647738136668149 -1.0314895879286488
-8.700000000000001 20.1 -1.9000000000000001 0.8185594191853406 0.3647738136668149 -1.0314895879286488
-8.700000000000001 20.1 -1.9000000000000001 0.8185594191853406 0.3647738136668149 -1.0314895879286488
-8.200000000000001 15.9 0.4 1.223475805648025 -0.26005405854715513 -1.2793263417118437
-8.200000000000001 15.9 0.4 1.223475805648025 -0.26005405854715513 -1.2793263417118437
-8.3 10.700000000000001 0 2.0455258833373544 -2.1101030656611446 -1.3281955607676847
-4.5 5.7 -4.4 2.0455258833373544 -2.1101030656611446 -1.3281955607676847
-4.5 5.7 -4.4 2.0455258833373544 -2.1101030656611446 -1.3281955607676847
-4.3 1.9000000000000001 -7.1000000000000005 1.2932889757277983 -2.323033234404453 -0.6038839211900381
-4.3 1.9000000000000001 -7.1000000000000005 1.2932889757277983 -2.323033234404453 -0.6038839211900381
0.7000000000000001 -0.9 -4.3 -0.27052603405912107 -1.2147491593880535 0.4590215932745087
0.7000000000000001 -0.9 -4.3 -0.27052603405912107 -1.2147491593880535 0.4590215932745087
0.7000000000000001 -0.9 -4.3 -0.27052603405912107 -1.2147491593880535 0.4590215932745087
7.300000000000001 -3.3000000000000003 1.6 -1.3631021458075714 -0.15009831567151236 1.4905111812031575
7.300000000000001 -3.3000000000000003 1.6 -1.3631021458075714 -0.15009831567151236 1.4905111812031575
12.600000000000001 -4.1000000000000005 6 -1.5149457907310782 -0.33859387488689996 2.3282692221604355
18.1 -3.4000000000000004 8.9 -1.5149457907310782 -0.33859387488689996 2.3282692221604355
18.1 -3.4000000000000004 8.9 -1.5149457907310782 -0.33859387488689996 2.3282692221604355
18.1 -3.4000000000000004 8.9 -1.281071670963838 -0.9512044423369096 3.1468286413457762
18.1 -3.4000000000000004 8.9 -1.281071670963838 -0.9512044423369096 3.1468286413457762
26.1 -1.9000000000000001 12.9 -0.5166174585903216 -1.1833332328521555 3.1974431896536117
28.900000000000002 1.5 12.9 0.7016223593017205 -1.2182398178920422 2.0036379812894904
28.900000000000002 1.5 12.9 0.7016223593017205 -1.2182398178920422 2.0036379812894904
26.5 2.6 8.1 1.398008730847458 -0.8133234314293576 0.4677482395344803
26.5 2.6 8.1 1.398008730847458 -0.8133234314293576 0.4677482395344803
21.5 1.3 4.4 1.1990411961201044 0.45029494701453704 -0.8185594191853406
16.5 0.2 4.5 1.1990411961201044 0.45029494701453704 -0.8185594191853406
16.5 0.2 4.5 1.1990411961201044 0.45029494701453704 -0.8185594191853406
16.5 0.2 4.5 0.6928957130417488 1.059414855960558 -1.3089969389957472
16.5 0.2 4.5 0.6928957130417488 1.059414855960558 -1.3089969389957472
14.200000000000001 -0.5 4.800000000000001 0.4014257279586958 1.3735741213195374 -1.2060225131280817
11.100000000000001 -0.2 4.9 0.33859387488689996 1.715658654710426 -0.9494591130849153
11.100000000000001 -0.2 4.9 0.33859387488689996 1.715658654710426 -0.9494591130849153
7.6000000000000005 1.8 3.2 0.3961897402027128 1.6406094968746698 -0.5375614096142535
7.6000000000000005 1.8 3.2 0.3961897402027128 1.6406094968746698 -0.5375614096142535
3.6 5 0 0.32812189937493397 1.9163715186897738 -0.2792526803190927
-0.5 8.6 -1.6 0.32812189937493397 1.9163715186897738 -0.2792526803190927
-0.5 8.6 -1.6 0.32812189937493397 1.9163715186897738 -0.2792526803190927
-0.5 8.6 -1.6 0.20245819323134223 1.8779742751458985 0.048869219055841226
-0.5 8.6 -1.6 0.20245819323134223 1.8779742751458985 0.048869219055841226
-0.9 12.8 -5.4 0.25481807079117214 0.12217304763960307 0.36826447217080355
-0.9 12.8 -5.4 0.25481807079117214 0.12217304763960307 0.36826447217080355
-0.9 12.8 -5.4 0.25481807079117214 0.12217304763960307 0.36826447217080355
-2.6 13.3 -7.7 -0.1518436449235067 -0.17976891295541594 -0.03316125578789226
-2.6 13.3 -7.7 -0.1518436449235067 -0.17976891295541594 -0.03316125578789226
-6 15 -6.4 -0.7749261878854823 -0.41015237421866746 -0.16406094968746698
-6.2 15.200000000000001 -6.9 -0.7749261878854823 -0.41015237421866746 -0.16406094968746698
-6.2 15.200000000000001 -6.9 -0.7749261878854823 -0.41015237421866746 -0.16406094968746698
-6.2 15.200000000000001 -6.9 -0.9861110273767962 -0.62482787221397 0.20420352248333656
-6.2 15.200000000000001 -6.9 -0.9861110273767962 -0.62482787221397 0.20420352248333656
-4.6000000000000005 14.600000000000001 -7.2 -1.4870205226991688 -0.7138396640656808 0.3490658503988659
-2.9000000000000004 14.100000000000001 -4.5 -2.235766771804736 -0.2879793265790644 0.28623399732707006
-2.9000000000000004 14.100000000000001 -4.5 -2.235766771804736 -0.2879793265790644 0.28623399732707006
-2.7 14 -0.4 -2.520255439879812 0.16929693744344998 0.11344640137963143
-2.7 14 -0.4 -2.520255439879812 0.16929693744344998 0.11344640137963143
-2.8000000000000003 13.600000000000001 1.7000000000000002 -2.150245638457014 0.2111848394913139 0.13788101090755203
-2.8000000000000003 13.600000000000001 1.7000000000000002 -2.150245638457014 0.2111848394913139 0.13788101090755203
-2.8000000000000003 13.600000000000001 1.7000000000000002 -2.150245638457014 0.2111848394913139 0.13788101090755203
-2.1 13.5 3.8000000000000003 -1.6249015336067207 -0.012217304763960306 0.26529004630313807
-2.1 13.5 3.8000000000000003 -1.6249015336067207 -0.012217304763960306 0.26529004630313807
-0.8 13.3 4.3 -0.8744099552491591 -0.2984513020910304 0.3368485456349056
0.6000000000000001 12.700000000000001 3.6 -0.30194196059501904 -0.32637657012293964 0.24609142453120048
0.6000000000000001 12.700000000000001 3.6 -0.30194196059501904 -0.32637657012293964 0.24609142453120048
0.7000000000000001 12.200000000000001 3.3000000000000003 -0.0017453292519943296 -0.13439035240356337 0.059341194567807204
0.7000000000000001 12.200000000000001 3.3000000000000003 -0.0017453292519943296 -0.13439035240356337 0.059341194567807204
1.3 11.600000000000001 3.3000000000000003 0.10122909661567112 -0.09075712110370514 -0.012217304763960306
1.3 11.600000000000001 3.3000000000000003 0.10122909661567112 -0.09075712110370514 -0.012217304763960306
1.3 11.600000000000001 3.3000000000000003 0.10122909661567112 -0.09075712110370514 -0.012217304763960306
2.1 10.8 3.4000000000000004 0.10471975511965978 0.05061454830783556 -0.08377580409572782
2.1 10.8 3.4000000000000004 0.10471975511965978 0.05061454830783556 -0.08377580409572782
2.1 10.100000000000001 4 0.08028514559173916 0.2844886680750757 -0.15707963267948966
2 9.600000000000001 4.7 0.08028514559173916 0.2844886680750757 -0.15707963267948966
2 9.600000000000001 4.7 0.08028514559173916 0.2844886680750757 -0.15707963267948966
2.4000000000000004 9.1 4.3 0.4171336912266448 0.3892084231947355 -0.09599310885968813
2.4000000000000004 9.1 4.3 0.4171336912266448 0.3892084231947355 -0.09599310885968813
2.6 8.700000000000001 3.3000000000000003 0.5410520681182421 0.22863813201125718 -0.1291543646475804
2.6 8.700000000000001 3.3000000000000003 0.5410520681182421 0.22863813201125718 -0.1291543646475804
