2.7 7.7 5.5 0.2827433388230814 0.08377580409572782 0.06981317007977318
2.7 7.7 5.5 0.2827433388230814 0.08377580409572782 0.06981317007977318
1.5 8 4.800000000000001 0.35779249665883756 -0.03316125578789226 -0.07330382858376185
1.5 8 4.800000000000001 0.35779249665883756 -0.03316125578789226 -0.07330382858376185
1.5 8 4.800000000000001 0.47123889803846897 -0.03316125578789226 -0.03665191429188092
1.6 8.1 4.800000000000001 0.47123889803846897 -0.03316125578789226 -0.03665191429188092
1.9000000000000001 8.200000000000001 4.3 0.5096361415823443 -0.11693705988362008 0.006981317007977318
1.9000000000000001 8.200000000000001 4.3 0.5096361415823443 -0.11693705988362008 0.006981317007977318
2.2 8.200000000000001 4 0.45553093477052004 -0.19896753472735357 -0.027925268031909273
2.2 8.200000000000001 4 0.45553093477052004 -0.19896753472735357 -0.027925268031909273
2.2 8.200000000000001 4.4 0.45553093477052004 -0.19896753472735357 -0.027925268031909273
2.2 8.200000000000001 4.4 0.42062434973063345 -0.26005405854715513 -0.07330382858376185
2.2 8.200000000000001 4.4 0.42062434973063345 -0.26005405854715513 -0.07330382858376185
2.2 8.3 4.2 0.46251225177849736 -0.26529004630313807 -0.08726646259971647
2.2 8.3 4.2 0.466002910282486 -0.20769418098732523 -0.08377580409572782
2.1 8.3 3.8000000000000003 0.466002910282486 -0.20769418098732523 -0.08377580409572782
1.9000000000000001 8.4 3.7 0.40317105721069013 -0.10122909661567112 -0.05235987755982989
1.9000000000000001 8.4 3.7 0.40317105721069013 -0.10122909661567112 -0.05235987755982989
2.2 8.4 3.8000000000000003 0.40317105721069013 -0.10122909661567112 -0.05235987755982989
2.2 8.4 3.8000000000000003 0.39269908169872414 -0.10995574287564276 0.024434609527920613
2.5 8.3 3.4000000000000004 0.39269908169872414 -0.10995574287564276 0.024434609527920613
2.5 8.3 3.4000000000000004 0.3961897402027128 -0.21642082724729686 0.054105206811824215
2.5 8.3 3.4000000000000004 0.3961897402027128 -0.21642082724729686 0.054105206811824215
2.7 8.3 3.5 0.32812189937493397 -0.2635447170511438 0.03490658503988659
2.7 8.3 3.5 0.2932153143350474 -0.20245819323134223 -0.017453292519943295
2.7 8.3 3.4000000000000004 0.2932153143350474 -0.20245819323134223 -0.017453292519943295
2.4000000000000004 8.4 3.1 0.2181661564992912 -0.08203047484373349 -0.029670597283903602
2.4000000000000004 8.4 3.1 0.2181661564992912 -0.08203047484373349 -0.029670597283903602
2.3000000000000003 8.4 3 0.061086523819801536 0.18151424220741028 0.024434609527920613
2.3000000000000003 8.4 3 0.061086523819801536 0.18151424220741028 0.024434609527920613
2.5 8.4 3.7 0.061086523819801536 0.18151424220741028 0.024434609527920613
2.5 8.4 3.7 -0.0942477796076938 0.3351032163829113 0.06806784082777885
2.5 8.4 3.7 -0.0942477796076938 0.3351032163829113 0.06806784082777885
2.6 8.5 4.3 -0.09250245035569947 0.23736477827122882 0.05585053606381855
2.6 8.5 4.3 -0.003490658503988659 0.005235987755982989 0.05061454830783556
2.6 8.5 4.4 -0.003490658503988659 0.005235987755982989 0.05061454830783556
2.6 8.5 4.4 -0.003490658503988659 0.005235987755982989 0.05061454830783556
2.6 8.5 4.4 -0.003490658503988659 0.005235987755982989 0.05061454830783556
2.7 8.6 4.3 0.08377580409572782 -0.16231562043547265 0.03665191429188092
2.7 8.6 4.3 0.12042771838760874 -0.18151424220741028 0.029670597283903602
2.5 8.700000000000001 4.2 0.12042771838760874 -0.18151424220741028 0.029670597283903602
2.4000000000000004 8.700000000000001 4.1000000000000005 0.14835298641951802 -0.12217304763960307 0.061086523819801536
2.4000000000000004 8.700000000000001 4.1000000000000005 0.14835298641951802 -0.12217304763960307 0.061086523819801536
2.5 8.700000000000001 4.1000000000000005 0.16406094968746698 -0.012217304763960306 0.10646508437165411
2.5 8.700000000000001 4.1000000000000005 0.16406094968746698 -0.012217304763960306 0.10646508437165411
2.8000000000000003 8.6 3.9000000000000004 0.16406094968746698 -0.012217304763960306 0.10646508437165411
2.8000000000000003 8.6 3.9000000000000004 0.18675022996339327 0.006981317007977318 0.13962634015954636
2.8000000000000003 8.6 3.9000000000000004 0.18675022996339327 0.006981317007977318 0.13962634015954636
3.1 8.6 3.8000000000000003 0.17627825445142728 -0.03665191429188092 0.10821041362364843
3.1 8.6 3.8000000000000003 0.1884955592153876 -0.05061454830783556 0.03490658503988659
3 8.6 3.7 0.1884955592153876 -0.05061454830783556 0.03490658503988659
2.6 8.5 3.4000000000000004 0.17627825445142728 -0.06632251157578452 0
2.6 8.5 3.4000000000000004 0.17627825445142728 -0.06632251157578452 0
2.4000000000000004 8.4 3.1 0.12217304763960307 0 0.024434609527920613
2.4000000000000004 8.4 3.1 0.12217304763960307 0 0.024434609527920613
2.5 8.4 3.3000000000000003 0.12217304763960307 0 0.024434609527920613
2.5 8.4 3.3000000000000003 0.04537856055185257 0.06981317007977318 0.0645771823237902
2.5 8.4 3.3000000000000003 0.04537856055185257 0.06981317007977318 0.0645771823237902
2.7 8.4 3.6 0.022689280275926284 0.06981317007977318 0.059341194567807204
2.7 8.4 3.6 0.0471238898038469 -0.003490658503988659 0.020943951023931956
2.8000000000000003 8.3 3.7 0.0471238898038469 -0.003490658503988659 0.020943951023931956
2.6 8.3 3.6 0.08203047484373349 -0.06632251157578452 -0.031415926535897934
2.6 8.3 3.6 0.08203047484373349 -0.06632251157578452 -0.031415926535897934
2.3000000000000003 8.4 3.4000000000000004 0.06981317007977318 -0.05235987755982989 -0.013962634015954637
2.3000000000000003 8.4 3.4000000000000004 0.06981317007977318 -0.05235987755982989 -0.013962634015954637
2.4000000000000004 8.4 3.3000000000000003 0.06981317007977318 -0.05235987755982989 -0.013962634015954637
2.4000000000000004 8.4 3.3000000000000003 0.019198621771937624 -0.019198621771937624 0.03839724354387525
2.4000000000000004 8.4 3.3000000000000003 0.019198621771937624 -0.019198621771937624 0.03839724354387525
2.5 8.5 3.5 -0.03316125578789226 -0.0017453292519943296 0.048869219055841226
2.5 8.5 3.5 -0.03839724354387525 -0.03839724354387525 0.06283185307179587
2.4000000000000004 8.4 3.8000000000000003 -0.03839724354387525 -0.03839724354387525 0.06283185307179587
2.7 8.5 3.9000000000000004 -0.022689280275926284 -0.06283185307179587 0.08203047484373349
2.7 8.5 3.9000000000000004 -0.022689280275926284 -0.06283185307179587 0.08203047484373349
2.8000000000000003 8.5 3.9000000000000004 -0.012217304763960306 -0.04363323129985824 0.0471238898038469
2.8000000000000003 8.5 3.9000000000000004 -0.012217304763960306 -0.04363323129985824 0.0471238898038469
2.7 8.6 4.1000000000000005 -0.012217304763960306 -0.04363323129985824 0.0471238898038469
2.7 8.6 4.1000000000000005 -0.015707963267948967 -0.05759586531581288 0.029670597283903602
2.7 8.6 4.1000000000000005 -0.015707963267948967 -0.05759586531581288 0.029670597283903602
2.8000000000000003 8.700000000000001 4.4 0.04014257279586958 -0.15009831567151236 0.024434609527920613
2.8000000000000003 8.700000000000001 4.4 0.12042771838760874 -0.27576202181510406 0.005235987755982989
2.9000000000000004 8.8 4.5 0.12042771838760874 -0.27576202181510406 0.005235987755982989
3.1 8.9 4.7 0.21991148575128552 -0.43982297150257105 -0.008726646259971648
3.1 8.9 4.7 0.21991148575128552 -0.43982297150257105 -0.008726646259971648
3.2 9 4.800000000000001 0.36826447217080355 -0.619591884457987 -0.03839724354387525
3.2 9 4.800000000000001 0.36826447217080355 -0.619591884457987 -0.03839724354387525
3.4000000000000004 9.200000000000001 4.5 0.36826447217080355 -0.619591884457987 -0.03839724354387525
3.4000000000000004 9.200000000000001 4.5 0.5288347633542818 -0.8133234314293576 -0.07330382858376185
3.4000000000000004 9.200000000000001 4.5 0.5288347633542818 -0.8133234314293576 -0.07330382858376185
3.7 9.3 4.6000000000000005 0.640535835481919 -1.085594794740473 -0.10122909661567112
3.7 9.3 4.6000000000000005 0.8447393579652556 -1.450368608407288 -0.158824961931484
4.1000000000000005 9.4 5 0.8447393579652556 -1.450368608407288 -0.158824961931484
4.6000000000000005 9.200000000000001 6.800000000000001 1.2461650859239513 -2.150245638457014 -0.2583087292951608
4.6000000000000005 9.200000000000001 6.800000000000001 1.2461650859239513 -2.150245638457014 -0.2583087292951608
4.6000000000000005 9.200000000000001 6.800000000000001 1.2461650859239513 -2.150245638457014 -0.2583087292951608
4.6000000000000005 9.200000000000001 6.800000000000001 2.0612338466053033 -3.4976398209966364 -0.4799655442984406
3.8000000000000003 8.4 4.2 2.0612338466053033 -3.4976398209966364 -0.4799655442984406
3.8000000000000003 8.4 4.2 2.816961412718848 -3.9060468659633094 -0.630063859969953
3.8000000000000003 8.4 4.2 2.816961412718848 -3.9060468659633094 -0.630063859969953
3.6 8.200000000000001 1.5 3.120648702565861 -3.6250488563922225 -0.6928957130417488
3.6 8.200000000000001 1.5 3.056071520242071 -3.099704751541929 -0.7068583470577035
3.1 8.3 -0.30000000000000004 3.056071520242071 -3.099704751541929 -0.7068583470577035
2.8000000000000003 8.200000000000001 -0.7000000000000001 2.9321531433504737 -3.1642819338657198 -0.7190756518216638
2.8000000000000003 8.200000000000001 -0.7000000000000001 2.9321531433504737 -3.1642819338657198 -0.7190756518216638
2.4000000000000004 8.200000000000001 -2.2 2.8047441079548876 -3.3859387488689996 -0.6894050545377602
2.4000000000000004 8.200000000000001 -2.2 2.8047441079548876 -3.3859387488689996 -0.6894050545377602
2.4000000000000004 8.200000000000001 -2.2 2.8047441079548876 -3.3859387488689996 -0.6894050545377602
2.8000000000000003 8.4 -2.4000000000000004 2.5708699881876473 -2.9548424236264 -0.7120943348136864
2.8000000000000003 8.4 -2.4000000000000004 2.5708699881876473 -2.9548424236264 -0.7120943348136864
2.2 8.200000000000001 -1.8 2.5237460983838007 -2.527236756887789 -0.8203047484373349
2.2 8.200000000000001 -1.8 2.5237460983838007 -2.527236756887789 -0.8203047484373349
1.2000000000000002 8.1 -3 2.5237460983838007 -2.527236756887789 -0.8203047484373349
1.2000000000000002 8.1 -3 2.7227136331111543 -2.6546457922833753 -0.8377580409572782
1.2000000000000002 8.1 -3 2.7227136331111543 -2.6546457922833753 -0.8377580409572782
1.5 7.9 -4.3 2.652900463031381 -2.6651177677953415 -0.8185594191853406
1.5 7.9 -4.3 2.527236756887789 -2.1851522234969005 -0.9459684545809266
0.8 7.6000000000000005 -5.1000000000000005 2.527236756887789 -2.1851522234969005 -0.9459684545809266
-0.1 7.4 -5.2 2.2706733568446227 -1.7592918860102842 -0.9599310885968813
-0.1 7.4 -5.2 2.2706733568446227 -1.7592918860102842 -0.9599310885968813
-0.4 7 -5.6000000000000005 2.202605516016844 -1.6301375213627038 -0.9599310885968813
-0.4 7 -5.6000000000000005 2.202605516016844 -1.6301375213627038 -0.9599310885968813
-0.30000000000000004 6.7 -6.800000000000001 2.202605516016844 -1.6301375213627038 -0.9599310885968813
-0.30000000000000004 6.7 -6.800000000000001 2.111848394913139 -1.9303341527057285 -0.9145525280450287
-0.30000000000000004 6.7 -6.800000000000001 2.111848394913139 -1.9303341527057285 -0.9145525280450287
-0.7000000000000001 6.6000000000000005 -7 1.8535396656179781 -1.6283921921107094 -1.0210176124166828
-0.7000000000000001 6.6000000000000005 -7 1.6598081186466074 -1.4433872913993107 -0.9948376736367679
-1.4000000000000001 6.300000000000001 -6.7 1.6598081186466074 -1.4433872913993107 -0.9948376736367679
-1.5 6.1000000000000005 -6.9 1.5533430342749532 -1.4905111812031575 -0.9756390518648302
-1.5 6.1000000000000005 -6.9 1.5533430342749532 -1.4905111812031575 -0.9756390518648302
-1.8 5.9 -7.300000000000001 1.4486232791552935 -1.4974924982111348 -0.9983283321407566
-1.8 5.9 -7.300000000000001 1.4486232791552935 -1.4974924982111348 -0.9983283321407566
-1.8 5.6000000000000005 -7.300000000000001 1.4486232791552935 -1.4974924982111348 -0.9983283321407566
-1.8 5.6000000000000005 -7.300000000000001 1.3124875974997359 -1.4433872913993107 -1.0227629416686772
-1.8 5.6000000000000005 -7.300000000000001 1.3124875974997359 -1.4433872913993107 -1.0227629416686772
-1.8 5.6000000000000005 -7.300000000000001 1.1833332328521555 -1.2915436464758039 -1.0524335389525807
-1.8 5.6000000000000005 -7.300000000000001 1.106538745764405 -1.4940018397071462 -1.1554079648202462
-1.9000000000000001 5.6000000000000005 -7.9 1.106538745764405 -1.4940018397071462 -1.1554079648202462
-2.9000000000000004 5.1000000000000005 -8.3 0.932005820564972 -1.5027284859671177 -1.3055062804917585
-2.9000000000000004 5.1000000000000005 -8.3 0.932005820564972 -1.5027284859671177 -1.3055062804917585
-4.1000000000000005 5.300000000000001 -8 0.640535835481919 -1.2688543661998777 -1.2356931104119853
-4.1000000000000005 5.300000000000001 -8 0.640535835481919 -1.2688543661998777 -1.2356931104119853
-4.6000000000000005 5.300000000000001 -7.7 0.640535835481919 -1.2688543661998777 -1.2356931104119853
-4.6000000000000005 5.300000000000001 -7.7 0.4590215932745087 -1.1868238913561442 -1.1187560505283654
-4.6000000000000005 5.300000000000001 -7.7 0.4590215932745087 -1.1868238913561442 -1.1187560505283654
-4.6000000000000005 4.9 -7.6000000000000005 0.307177948351002 -1.038470904936626 -1.0140362954087054
-4.6000000000000005 4.9 -7.6000000000000005 0.20769418098732523 -0.9861110273767962 -0.8901179185171081
-4.6000000000000005 5 -7.2 0.20769418098732523 -0.9861110273767962 -0.8901179185171081
-4.1000000000000005 4.7 -7 0.17453292519943295 -0.9250245035569947 -0.8639379797371931
-4.1000000000000005 4.7 -7 0.17453292519943295 -0.9250245035569947 -0.8639379797371931
-5.1000000000000005 4.800000000000001 -6.800000000000001 0.158824961931484 -0.9058258817850571 -0.8482300164692442
-5.1000000000000005 4.800000000000001 -6.800000000000001 0.158824961931484 -0.9058258817850571 -0.8482300164692442
-5.4 4.9 -7.2 0.158824961931484 -0.9058258817850571 -0.8482300164692442
-5.4 4.9 -7.2 0.10471975511965978 -1.0716321607245183 -0.6736970912698113
-5.4 4.9 -7.2 0.10471975511965978 -1.0716321607245183 -0.6736970912698113
-5.800000000000001 4.9 -6.9 0 -0.8552113334772214 -0.5131268000863329
-5.800000000000001 4.9 -6.9 -0.0890117918517108 -0.7155849933176751 -0.2897246558310587
-5.4 5 -6.9 -0.0890117918517108 -0.7155849933176751 -0.2897246558310587
-5 5 -7.1000000000000005 -0.18500490071139894 -0.5445427266222308 -0.16929693744344998
-5 5 -7.1000000000000005 -0.18500490071139894 -0.5445427266222308 -0.16929693744344998
-5 5 -7.1000000000000005 -0.18500490071139894 -0.5445427266222308 -0.16929693744344998
-5 5 -7.1000000000000005 -0.25656340004316647 -0.49741883681838395 -0.0942477796076938
-4.7 5 -6.300000000000001 -0.25656340004316647 -0.49741883681838395 -0.0942477796076938
-4.7 5 -6.300000000000001 -0.21642082724729686 -0.6370451769779303 -0.08552113334772216
-4.7 5 -6.300000000000001 -0.21642082724729686 -0.6370451769779303 -0.08552113334772216
-5.6000000000000005 5.1000000000000005 -5.7 -0.1710422666954443 -0.5078908123303499 -0.07155849933176751
-5.6000000000000005 5.1000000000000005 -5.7 -0.04188790204786391 -0.4991641660703783 0.07853981633974483
-6.4 5 -6.1000000000000005 -0.04188790204786391 -0.4991641660703783 0.07853981633974483
-6.4 4.800000000000001 -5.9 -0.054105206811824215 -0.1954768762233649 0.27052603405912107
-6.4 4.800000000000001 -5.9 -0.054105206811824215 -0.1954768762233649 0.27052603405912107
-6.1000000000000005 4.7 -5.5 0.008726646259971648 -0.34732052114687156 0.40317105721069013
-6.1000000000000005 4.7 -5.5 0.008726646259971648 -0.34732052114687156 0.40317105721069013
-6.1000000000000005 4.7 -5.5 0.008726646259971648 -0.34732052114687156 0.40317105721069013
-6.5 4.800000000000001 -6.300000000000001 -0.006981317007977318 -0.3420845333908886 0.5427973973702365
-6.5 4.800000000000001 -6.300000000000001 -0.006981317007977318 -0.3420845333908886 0.5427973973702365
-6.9 4.9 -5.9 -0.10297442586766545 -0.022689280275926284 0.7208209810736581
-6.9 4.9 -5.9 -0.22863813201125718 0.07853981633974483 1.0000736613927508
-6.1000000000000005 5.300000000000001 -6.300000000000001 -0.22863813201125718 0.07853981633974483 1.0000736613927508
-6.1000000000000005 5.300000000000001 -6.300000000000001 -0.22863813201125718 0.07853981633974483 1.0000736613927508
-6.1000000000000005 5.300000000000001 -6.300000000000001 -0.22863813201125718 0.07853981633974483 1.0000736613927508
-3.5 5.5 -4.9 -0.6265732014659643 0.25481807079117214 0.9983283321407566
-3.5 5.5 -4.9 -0.6265732014659643 0.25481807079117214 0.9983283321407566
-3.5 5.5 -4.9 -0.6265732014659643 0.25481807079117214 0.9983283321407566
-4.4 5.800000000000001 -3.5 -0.4782202150464463 0.3298672286269283 0.7365289443416071
-4.4 5.800000000000001 -3.5 -0.4782202150464463 0.3298672286269283 0.7365289443416071
-5.4 5.9 -3.6 -0.027925268031909273 0.15707963267948966 0.6126105674500096
-5.4 5.9 -3.6 -0.027925268031909273 0.15707963267948966 0.6126105674500096
-5.6000000000000005 5.9 -5.7 -0.027925268031909273 0.15707963267948966 0.6126105674500096
-5.6000000000000005 5.9 -5.7 0.29146998508305305 -0.022689280275926284 0.5305800926062761
-5.6000000000000005 5.9 -5.7 0.29146998508305305 -0.022689280275926284 0.5305800926062761
-6.1000000000000005 5.9 -7.2 0.2530727415391778 -0.008726646259971648 0.4328416544945937
-6.1000000000000005 5.9 -7.2 0.015707963267948967 0.048869219055841226 0.41015237421866746
-5.7 5.9 -7.1000000000000005 0.015707963267948967 0.048869219055841226 0.41015237421866746
-5.7 6.4 -5.800000000000001 -0.0890117918517108 0 0.33335788713091696
-5.7 6.4 -5.800000000000001 -0.0890117918517108 0 0.33335788713091696
-5.2 6.7 -5.6000000000000005 0.0017453292519943296 -0.158824961931484 0.24085543677521748
-5.2 6.7 -5.6000000000000005 0.0017453292519943296 -0.158824961931484 0.24085543677521748
-5.1000000000000005 6.300000000000001 -5.9 0.0017453292519943296 -0.158824961931484 0.24085543677521748
-5.1000000000000005 6.300000000000001 -5.9 0.03839724354387525 -0.08552113334772216 0.06632251157578452
-5.1000000000000005 6.300000000000001 -5.9 0.03839724354387525 -0.08552113334772216 0.06632251157578452
-5.2 5.300000000000001 -5.1000000000000005 0.022689280275926284 0.048869219055841226 -0.10646508437165411
-5.2 5.300000000000001 -5.1000000000000005 0.12740903539558607 -0.16929693744344998 -0.21467549799530253
-6.2 4.5 -5.300000000000001 0.12740903539558607 -0.16929693744344998 -0.21467549799530253
-7.2 4.2 -5.300000000000001 0.05235987755982989 -0.0645771823237902 -0.2181661564992912
-7.2 4.2 -5.300000000000001 0.05235987755982989 -0.0645771823237902 -0.2181661564992912
-8.3 4.1000000000000005 -4.5 -0.10122909661567112 0.1518436449235067 -0.13264502315156904
-8.3 4.1000000000000005 -4.5 -0.10122909661567112 0.1518436449235067 -0.13264502315156904
-9.3 4.800000000000001 -4.2 -0.10122909661567112 0.1518436449235067 -0.13264502315156904
-9.3 4.800000000000001 -4.2 -0.25481807079117214 0.3647738136668149 0.13264502315156904
-9.3 4.800000000000001 -4.2 -0.25481807079117214 0.3647738136668149 0.13264502315156904
-8.4 5.2 -3.4000000000000004 -0.38397243543875254 0.5235987755982989 0.3961897402027128
-8.4 5.2 -3.4000000000000004 -0.37873644768276954 0.6475171524898963 0.4223696789826278
-8.1 5.2 -2.8000000000000003 -0.37873644768276954 0.6475171524898963 0.4223696789826278
-9.600000000000001 5 -2.8000000000000003 -0.2949606435870417 0.6335545184739416 0.36826447217080355
-9.600000000000001 5 -2.8000000000000003 -0.2949606435870417 0.6335545184739416 0.36826447217080355
-10.9 4.6000000000000005 -3.2 -0.2007128639793479 0.4136430327226561 0.39444441095071847
-10.9 4.6000000000000005 -3.2 -0.2007128639793479 0.4136430327226561 0.39444441095071847
-12.700000000000001 4.9 -3 -0.2007128639793479 0.4136430327226561 0.39444441095071847
-12.700000000000001 4.9 -3 -0.0942477796076938 0.28623399732707006 0.5480333851262195
-12.700000000000001 4.9 -3 -0.0942477796076938 0.28623399732707006 0.5480333851262195
-12.9 5.1000000000000005 -5.1000000000000005 0.18500490071139894 0.12740903539558607 0.8621926504851988
-12.9 5.1000000000000005 -5.1000000000000005 0.10995574287564276 0.03490658503988659 1.0192722831646885
-12.4 4.9 -7.800000000000001 0.10995574287564276 0.03490658503988659 1.0192722831646885
-10.8 5.300000000000001 -8.4 -0.24085543677521748 0.03665191429188092 1.0245082709206714
-10.8 5.300000000000001 -8.4 -0.24085543677521748 0.03665191429188092 1.0245082709206714
-11.700000000000001 6.5 -6.9 -0.6841690667817772 0.24434609527920614 0.9477137838329209
-11.700000000000001 6.5 -6.9 -0.6841690667817772 0.24434609527920614 0.9477137838329209
-11.100000000000001 8 -3.5 -0.6841690667817772 0.24434609527920614 0.9477137838329209
-11.100000000000001 8 -3.5 -0.7522369076095561 0.17453292519943295 1.2252211349000193
-11.100000000000001 8 -3.5 -0.7522369076095561 0.17453292519943295 1.2252211349000193
-8.6 9.1 -2.9000000000000004 -0.2234021442552742 -0.153588974175501 1.2514010736799344
-8.6 9.1 -2.9000000000000004 0.1710422666954443 -0.5323254218582705 1.0245082709206714
-9.200000000000001 8.5 -4.3 0.1710422666954443 -0.5323254218582705 1.0245082709206714
-6.6000000000000005 7.4 -3.6 0.4223696789826278 -0.5183627878423159 1.0838494654884787
-6.6000000000000005 7.4 -3.6 0.4223696789826278 -0.5183627878423159 1.0838494654884787
-7.300000000000001 6 -4.7 0.8918632477691024 -0.6387905062299246 1.127482696788337
-7.300000000000001 6 -4.7 0.8918632477691024 -0.6387905062299246 1.127482696788337
-4.7 4.2 -3.5 0.8918632477691024 -0.6387905062299246 1.127482696788337
-4.7 4.2 -3.5 1.0716321607245183 -0.1780235837034216 1.5987215948268059
-4.7 4.2 -3.5 1.0716321607245183 -0.1780235837034216 1.5987215948268059
1.3 1.5 -5.9 1.4311699866353502 0.4834562028024293 2.09614043164519
1.3 1.5 -5.9 1.2374384396639797 1.429424657383356 2.672099084803319
4.2 -0.1 -7.6000000000000005 1.2374384396639797 1.429424657383356 2.672099084803319
8.8 -1.7000000000000002 -4 1.2583823906879117 1.0786134777324956 3.6477381366681487
8.8 -1.7000000000000002 -4 1.2583823906879117 1.0786134777324956 3.6477381366681487
11.700000000000001 -2.2 -6.1000000000000005 1.8727382873899157 0.783652834145454 4.49073216538141
11.700000000000001 -2.2 -6.1000000000000005 1.8727382873899157 0.783652834145454 4.49073216538141
11.700000000000001 -2.2 -6.1000000000000005 1.8727382873899157 0.783652834145454 4.49073216538141
17.7 -1.8 -10.3 1.9303341527057285 0.6457718232379019 4.773475504204492
17.7 -1.8 -10.3 1.9303341527057285 0.6457718232379019 4.773475504204492
23.6 1.5 -13.5 1.3421581947836394 0.8447393579652556 3.8205257326155873
23.6 1.5 -13.5 1.3421581947836394 0.8447393579652556 3.8205257326155873
17.8 6.1000000000000005 -16.5 1.3421581947836394 0.8447393579652556 3.8205257326155873
17.8 6.1000000000000005 -16.5 0.4939281783143953 0.8360127117052839 2.0315632493213998
17.8 6.1000000000000005 -16.5 0.4939281783143953 0.8360127117052839 2.0315632493213998
13.700000000000001 7.6000000000000005 -16.2 -1.1152653920243767 1.0978120995044334 0.8395033702092726
13.700000000000001 7.6000000000000005 -16.2 -2.16071761396898 1.6493361431346414 -0.19024088846738194
11.4 5.2 -8.6 -2.16071761396898 1.6493361431346414 -0.19024088846738194
7.2 3.7 -4.6000000000000005 -1.6790067404185451 0.9058258817850571 -0.9128071987930344
7.2 3.7 -4.6000000000000005 -1.6790067404185451 0.9058258817850571 -0.9128071987930344
4.4 3 -4.7 -0.9110618695410401 0.4782202150464463 -1.1519173063162575
4.4 3 -4.7 -0.9110618695410401 0.4782202150464463 -1.1519173063162575
1.1 4.1000000000000005 -4.3 -0.9110618695410401 0.4782202150464463 -1.1519173063162575
1.1 4.1000000000000005 -4.3 -0.32288591161895097 0.5585053606381855 -1.233947781159991
1.1 4.1000000000000005 -4.3 -0.32288591161895097 0.5585053606381855 -1.233947781159991
0.5 5.2 -6.5 0.19896753472735357 0.27052603405912107 -0.8883725892651138
0.5 5.2 -6.5 0.2879793265790644 0.031415926535897934 -0.635299847725936
3.1 5.2 -9.4 0.2879793265790644 0.031415926535897934 -0.635299847725936
3 5.300000000000001 -10.4 -0.32637657012293964 0.3490658503988659 -0.6562437987498679
3 5.300000000000001 -10.4 -0.32637657012293964 0.3490658503988659 -0.6562437987498679
-1 6.4 -7.300000000000001 -0.7417649320975901 0.8342673824532896 -0.47472955654245763
-1 6.4 -7.300000000000001 -0.7417649320975901 0.8342673824532896 -0.47472955654245763
0.4 6.2 -6.5 -0.7417649320975901 0.8342673824532896 -0.47472955654245763
0.4 6.2 -6.5 -0.9267698328089891 0.9791297103688189 0.4118977034706618
